
[Data]
     Reference	        480.00	     38424.000	     205.80033	     1444.0761	     19.730000
     Reference	        481.00	     37712.000	     166.29826	     1445.5486	     19.730000
     Reference	        482.00	     36376.000	     211.84481	     1446.6946	     19.730000
     Reference	        483.00	     35876.000	     148.04804	     1447.8587	     19.730000
     Reference	        484.00	     34876.000	     114.45717	     1449.0179	     19.730000
     Reference	        485.00	     34056.000	     122.08558	     1450.1532	     19.730000
     Reference	        486.00	     33412.000	     256.61385	     1451.3163	     19.730000
     Reference	        487.00	     32896.000	     244.70935	     1452.4949	     19.730000
     Reference	        488.00	     32224.000	     217.72153	     1453.6451	     19.730000
     Reference	        489.00	     32360.000	     210.56538	     1454.7854	     19.730000
     Reference	        490.00	     31244.000	     170.48428	     1455.9590	     19.730000
     Reference	        491.00	     30584.000	     102.62337	     1457.1196	     19.730000
     Reference	        492.00	     29908.000	     182.14036	     1458.2658	     19.730000
     Reference	        493.00	     29304.000	     165.48380	     1459.4243	     19.730000
     Reference	        494.00	     28176.000	     222.32709	     1460.5947	     19.730000
     Reference	        495.00	     27408.000	     93.104481	     1461.7488	     19.733300
     Reference	        496.00	     26364.000	     166.04685	     1462.9029	     19.733300
     Reference	        497.00	     25444.000	     165.83258	     1464.0249	     19.733300
     Reference	        498.00	     24920.000	     95.405567	     1465.2082	     19.733300
     Reference	        499.00	     23720.000	     99.777530	     1466.3822	     19.733300
     Reference	        500.00	     22832.000	     143.82706	     1467.5292	     19.733300
     Reference	        501.00	     21708.000	     193.31494	     1468.6887	     19.733300
     Reference	        502.00	     20572.000	     149.31548	     1469.8380	     19.733300
     Reference	        503.00	     19308.000	     134.93043	     1471.0012	     19.733300
     Reference	        504.00	     18556.000	     141.66627	     1472.1440	     19.733300
     Reference	        505.00	     17436.000	     126.27307	     1473.2705	     19.733300
     Reference	        506.00	     16524.000	     159.38214	     1474.4234	     19.730000
     Reference	        507.00	     15792.000	     132.50409	     1475.6210	     19.730000
     Reference	        508.00	     14672.000	     120.26637	     1476.7656	     19.733300
     Reference	        509.00	     13700.000	     98.747714	     1477.9341	     19.733300
     Reference	        510.00	     13540.000	     128.47827	     1479.1019	     19.733300
     Reference	        511.00	     12680.000	     105.99790	     1480.2506	     19.733300
     Reference	        512.00	     12264.000	     80.044432	     1481.4019	     19.733300
     Reference	        513.00	     11420.000	     128.75472	     1482.5219	     19.733300
     Reference	        514.00	     10964.000	     71.665891	     1483.7119	     19.733300
     Reference	        515.00	     10512.000	     88.403117	     1484.8634	     19.733300
     Reference	        516.00	     10004.000	     98.423123	     1486.0320	     19.746600
     Reference	        517.00	     9532.0000	     66.412850	     1487.1710	     19.746600
     Reference	        518.00	     8880.0000	     100.84091	     1488.3552	     19.746600
     Reference	        519.00	     8652.0000	     88.854438	     1489.4979	     19.746600
     Reference	        520.00	     8176.0000	     86.861320	     1490.6636	     19.746600
     Reference	        521.00	     7712.0000	     81.278670	     1491.8085	     19.746600
     Reference	        522.00	     7564.0000	     74.344543	     1492.9777	     19.746600
     Reference	        523.00	     7028.0000	     75.671806	     1494.1320	     19.746600
     Reference	        524.00	     6664.0000	     87.676172	     1495.2765	     19.746600
     Reference	        525.00	     6520.0000	     63.944420	     1496.4332	     19.746600
     Reference	        526.00	     6008.0000	     79.061158	     1497.5901	     19.746600
     Reference	        527.00	     5880.0000	     64.221838	     1498.7577	     19.746600
     Reference	        528.00	     5688.0000	     85.333333	     1499.9013	     19.746600
     Reference	        529.00	     5552.0000	     71.255409	     1501.0671	     19.746600
     Reference	        530.00	     5452.0000	     96.526335	     1502.2362	     19.740000
     Reference	        531.00	     5192.0000	     54.585305	     1503.3884	     19.740000
     Reference	        532.00	     4940.0000	     110.79511	     1504.5689	     19.740000
     Reference	        533.00	     4852.0000	     50.614008	     1505.8140	     19.740000
     Reference	        534.00	     4800.0000	     66.131183	     1506.9751	     19.740000
     Reference	        535.00	     4732.0000	     55.313249	     1508.1390	     19.740000
     Reference	        536.00	     4584.0000	     84.999346	     1509.2831	     19.740000
     Reference	        537.00	     4448.0000	     63.048482	     1510.3994	     19.740000
     Reference	        538.00	     4456.0000	     65.101630	     1511.5896	     19.740000
     Reference	        539.00	     4244.0000	     54.143841	     1512.7421	     19.740000
     Reference	        540.00	     4268.0000	     53.015721	     1513.8520	     19.740000
     Reference	        541.00	     4240.0000	     91.990338	     1515.0504	     19.740000
     Reference	        542.00	     4152.0000	     89.799777	     1516.2100	     19.740000
     Reference	        543.00	     4152.0000	     56.819402	     1517.3589	     19.740000
     Reference	        544.00	     3900.0000	     79.162281	     1518.5072	     19.740000
     Reference	        545.00	     3928.0000	     47.628190	     1519.6738	     19.740000
     Reference	        546.00	     3860.0000	     32.249031	     1520.7935	     19.740000
     Reference	        547.00	     3852.0000	     61.982076	     1521.9752	     19.740000
     Reference	        548.00	     3704.0000	     67.514607	     1523.1103	     19.740000
     Reference	        549.00	     3684.0000	     102.31976	     1524.3127	     19.740000
     Reference	        550.00	     3772.0000	     54.012344	     1525.4550	     19.753300
     Reference	        551.00	     3588.0000	     40.022216	     1526.6197	     19.753300
     Reference	        552.00	     3628.0000	     43.019375	     1527.7761	     19.753300
     Reference	        553.00	     3528.0000	     90.784237	     1528.9179	     19.753300
     Reference	        554.00	     3460.0000	     42.268980	     1530.0831	     19.753300
     Reference	        555.00	     3516.0000	     65.442086	     1531.2292	     19.753300
     Reference	        556.00	     3408.0000	     59.568821	     1532.3854	     19.753300
     Reference	        557.00	     3428.0000	     53.349997	     1533.5463	     19.753300
     Reference	        558.00	     3348.0000	     47.347416	     1534.6912	     19.753300
     Reference	        559.00	     3404.0000	     45.195870	     1535.8493	     19.753300
     Reference	        560.00	     3208.0000	     42.915939	     1537.0141	     19.753300
     Reference	        561.00	     3208.0000	     36.172427	     1538.1698	     19.753300
     Reference	        562.00	     3304.0000	     45.097425	     1539.3313	     19.753300
     Reference	        563.00	     3060.0000	     33.333333	     1540.4898	     19.756600
     Reference	        564.00	     3156.0000	     38.850139	     1541.6491	     19.756600
     Reference	        565.00	     3080.0000	     37.237973	     1542.7982	     19.756600
     Reference	        566.00	     2988.0000	     53.349997	     1543.9574	     19.756600
     Reference	        567.00	     3088.0000	     51.570879	     1545.1086	     19.756600
     Reference	        568.00	     2980.0000	     53.082745	     1546.2640	     19.756600
     Reference	        569.00	     2908.0000	     34.794636	     1547.3854	     19.756600
     Reference	        570.00	     2956.0000	     45.975839	     1548.5860	     19.756600
     Reference	        571.00	     2872.0000	     60.750857	     1549.7426	     19.756600
     Reference	        572.00	     2952.0000	     35.175749	     1550.9148	     19.756600
     Reference	        573.00	     2880.0000	     65.046992	     1552.0642	     19.750000
     Reference	        574.00	     2836.0000	     37.923900	     1553.2281	     19.750000
     Reference	        575.00	     2832.0000	     43.328205	     1554.3810	     19.750000
     Reference	        576.00	     2828.0000	     44.241760	     1555.5323	     19.750000
     Reference	        577.00	     2696.0000	     68.039204	     1556.7120	     19.750000
     Reference	        578.00	     2816.0000	     80.266224	     1557.8570	     19.750000
     Reference	        579.00	     2716.0000	     74.105031	     1559.0164	     19.750000
     Reference	        580.00	     2808.0000	     61.910329	     1560.1725	     19.750000
     Reference	        581.00	     2636.0000	     84.000000	     1561.3230	     19.750000
     Reference	        582.00	     2676.0000	     77.160727	     1562.4811	     19.750000
     Reference	        583.00	     2636.0000	     65.713181	     1563.6542	     19.750000
     Reference	        584.00	     2580.0000	     42.687495	     1564.8105	     19.750000
     Reference	        585.00	     2592.0000	     72.736969	     1565.9610	     19.760000
     Reference	        586.00	     2544.0000	     66.184926	     1567.0832	     19.760000
     Reference	        587.00	     2544.0000	     69.844271	     1568.2790	     19.760000
     Reference	        588.00	     2596.0000	     48.607270	     1569.4481	     19.760000
     Reference	        589.00	     2444.0000	     44.000000	     1570.6056	     19.760000
     Reference	        590.00	     2456.0000	     43.081318	     1571.7173	     19.760000
     Reference	        591.00	     2464.0000	     48.515748	     1572.9161	     19.760000
     Reference	        592.00	     2432.0000	     58.362850	     1574.0626	     19.763300
     Reference	        593.00	     2448.0000	     40.353989	     1575.2107	     19.763300
     Reference	        594.00	     2352.0000	     29.089899	     1576.3754	     19.763300
     Reference	        595.00	     2360.0000	     56.881944	     1577.5249	     19.763300
     Reference	        596.00	     2304.0000	     41.825032	     1578.6806	     19.763300
     Reference	        597.00	     2372.0000	     42.184779	     1579.8418	     19.763300
     Reference	        598.00	     2324.0000	     53.814496	     1581.0049	     19.763300
     Reference	        599.00	     2252.0000	     62.268237	     1582.1651	     19.763300
     Reference	        600.00	     2264.0000	     68.299992	     1583.3089	     19.763300
     Reference	        601.00	     2304.0000	     43.492017	     1584.4708	     19.763300
     Reference	        602.00	     2344.0000	     49.243161	     1585.6167	     19.763300
     Reference	        603.00	     2280.0000	     50.946595	     1586.7865	     19.763300
     Reference	        604.00	     2304.0000	     50.666667	     1587.9926	     19.763300
     Reference	        605.00	     2156.0000	     60.354508	     1589.1852	     19.766600
     Reference	        606.00	     2152.0000	     57.750421	     1590.3420	     19.766600
     Reference	        607.00	     2132.0000	     60.823972	     1591.4864	     19.766600
     Reference	        608.00	     2132.0000	     59.344568	     1592.6406	     19.766600
     Reference	        609.00	     2092.0000	     30.433899	     1593.7593	     19.766600
     Reference	        610.00	     2148.0000	     58.133945	     1594.9126	     19.766600
     Reference	        611.00	     2164.0000	     49.333333	     1596.0996	     19.766600
     Reference	        612.00	     2108.0000	     73.041845	     1597.2520	     19.770000
     Reference	        613.00	     2060.0000	     64.291005	     1598.4019	     19.770000
     Reference	        614.00	     2060.0000	     46.666667	     1599.5636	     19.770000
     Reference	        615.00	     2032.0000	     39.009970	     1600.7275	     19.770000
     Reference	        616.00	     2020.0000	     46.666667	     1601.8878	     19.770000
     Reference	        617.00	     2024.0000	     49.959984	     1603.0497	     19.770000
     Reference	        618.00	     1952.0000	     57.131427	     1604.1949	     19.770000
     Reference	        619.00	     1952.0000	     50.876757	     1605.3533	     19.770000
     Reference	        620.00	     1844.0000	     55.120071	     1606.5123	     19.770000
     Reference	        621.00	     1928.0000	     51.914460	     1607.6749	     19.770000
     Reference	        622.00	     1872.0000	     43.328205	     1608.8235	     19.770000
     Reference	        623.00	     1828.0000	     51.311684	     1609.9840	     19.770000
     Reference	        624.00	     1864.0000	     66.452991	     1611.1374	     19.770000
     Reference	        625.00	     1776.0000	     35.377331	     1612.3017	     19.770000
     Reference	        626.00	     1812.0000	     54.990908	     1613.4658	     19.770000
     Reference	        627.00	     1768.0000	     39.009970	     1614.6160	     19.770000
     Reference	        628.00	     1684.0000	     59.164554	     1615.7795	     19.770000
     Reference	        629.00	     1728.0000	     41.225666	     1617.0326	     19.770000
     Reference	        630.00	     1596.0000	     38.850139	     1618.1778	     19.770000
     Reference	        631.00	     1676.0000	     50.048865	     1619.3318	     19.770000
     Reference	        632.00	     1656.0000	     33.836207	     1620.4980	     19.773300
     Reference	        633.00	     1600.0000	     32.659863	     1621.6625	     19.773300
     Reference	        634.00	     1668.0000	     59.643385	     1622.8038	     19.773300
     Reference	        635.00	     1504.0000	     59.089386	     1623.9748	     19.773300
     Reference	        636.00	     1500.0000	     40.110957	     1625.1185	     19.773300
     Reference	        637.00	     1560.0000	     40.000000	     1626.2742	     19.773300
     Reference	        638.00	     1500.0000	     41.846280	     1627.4328	     19.773300
     Reference	        639.00	     1392.0000	     37.617963	     1628.5941	     19.773300
     Reference	        640.00	     1412.0000	     38.666667	     1629.7500	     19.773300
     Reference	        641.00	     1456.0000	     42.247945	     1630.8864	     19.773300
     Reference	        642.00	     1508.0000	     51.656988	     1632.0539	     19.786600
     Reference	        643.00	     1404.0000	     39.754804	     1633.2039	     19.786600
     Reference	        644.00	     1444.0000	     34.486712	     1634.3580	     19.786600
     Reference	        645.00	     1380.0000	     34.383459	     1635.5299	     19.786600
     Reference	        646.00	     1316.0000	     36.000000	     1636.7815	     19.786600
     Reference	        647.00	     1324.0000	     41.931161	     1637.9355	     19.786600
     Reference	        648.00	     1412.0000	     41.761226	     1639.0964	     19.786600
     Reference	        649.00	     1412.0000	     43.019375	     1640.2578	     19.786600
     Reference	        650.00	     1336.0000	     40.966111	     1641.4165	     19.786600
