Space=Time,Sample,Iteration
Columns=Time,Sample,Iteration,Ratio,GPolarization,I1,I2,RatioStdError,GPolarizationStdError,I1StdError,I2StdError,RealTime,RealTemperature
Dark=84.8, 483.2
[Data]
          0.00	        Sample	             1	     5.1154372	    0.67295878	     8986.8000	     1756.8000	   0.091651544	  0.0095691358	     80.831208	     27.222282	     683.35846	     19.770000
          5.14	        Sample	             1	     5.1850923	    0.67664185	     9098.8000	     1754.8000	   0.095734348	  0.0067712149	     52.513657	     30.775930	     688.49513	     19.773300
         11.12	        Sample	             1	     5.4521036	    0.69002358	     9174.8000	     1682.8000	    0.12054590	  0.0084972432	     67.338892	     35.096858	     694.48124	     19.786600
         17.12	        Sample	             1	     5.3855337	    0.68679204	     9202.8000	     1708.8000	   0.092859870	  0.0082183088	     68.994279	     26.532998	     700.48296	     19.780000
         23.12	        Sample	             1	     5.0816100	    0.67113971	     9140.8000	     1798.8000	    0.11239719	  0.0065773176	     45.459062	     38.767865	     706.48223	     19.780000
         29.09	        Sample	             1	     5.0579553	    0.66985560	     9320.8000	     1842.8000	    0.10388563	  0.0075620687	     60.238124	     35.926826	     712.45467	     19.780000
         35.09	        Sample	             1	     5.2021883	    0.67753317	     9128.8000	     1754.8000	   0.095105212	  0.0077869252	     63.584175	     29.661245	     718.44714	     19.793300
         41.10	        Sample	             1	     5.0938049	    0.67179783	     9274.8000	     1820.8000	    0.14193554	  0.0076328310	     49.628091	     49.791143	     724.45726	     19.796600
         47.07	        Sample	             1	     5.1199911	    0.67320214	     9250.8000	     1806.8000	    0.11062886	  0.0082990185	     66.634905	     36.806750	     730.43050	     19.790000
         53.06	        Sample	             1	     5.2080325	    0.67783674	     9232.8000	     1772.8000	   0.089520329	  0.0065304883	     52.064737	     28.785961	     736.41891	     19.790000
         59.06	        Sample	             1	     5.1501576	    0.67480508	     9150.8000	     1776.8000	    0.10467851	   0.010165064	     86.342037	     31.986839	     742.41856	     19.800000
         65.04	        Sample	             1	     5.2243329	    0.67868042	     9240.8000	     1768.8000	    0.11823379	  0.0090099701	     73.004686	     37.512103	     748.39988	     19.803300
         71.02	        Sample	             1	     5.2194236	    0.67842679	     9200.8000	     1762.8000	    0.11632870	  0.0073298917	     54.668378	     37.866803	     754.37902	     19.806600
         77.01	        Sample	             1	     5.0015178	    0.66675097	     9226.8000	     1844.8000	   0.091796646	  0.0087611933	     74.769822	     30.380049	     760.37270	     19.806600
         82.99	        Sample	             1	     4.9872863	    0.66595885	     9100.8000	     1824.8000	   0.089552326	  0.0063782988	     48.852086	     31.267942	     766.34647	     19.810000
         88.98	        Sample	             1	     4.9424522	    0.66343861	     9206.8000	     1862.8000	   0.088826097	  0.0082706835	     70.000000	     30.334972	     772.34380	     19.810000
         94.98	        Sample	             1	     5.2807505	    0.68156672	     9118.8000	     1726.8000	    0.11581765	  0.0083585399	     65.821129	     35.762374	     778.33521	     19.813300
        100.97	        Sample	             1	     5.3225954	    0.68367421	     9318.8000	     1750.8000	   0.094861784	  0.0065524602	     52.030356	     29.632841	     784.32609	     19.813300
        106.97	        Sample	             1	     4.9851755	    0.66584104	     9146.8000	     1834.8000	   0.088342766	  0.0076479939	     63.170613	     29.943807	     790.33145	     19.826600
        112.96	        Sample	             1	     5.2168132	    0.67829176	     9258.8000	     1774.8000	    0.11682028	  0.0089490543	     72.749028	     37.216295	     796.31942	     19.820000
        118.96	        Sample	             1	     4.9657415	    0.66475249	     9160.8000	     1844.8000	   0.077299051	  0.0086391053	     75.332247	     24.382910	     802.32083	     19.820000
        124.94	        Sample	             1	     5.2246112	    0.67869479	     9136.8000	     1748.8000	   0.080672680	  0.0084697554	     72.692575	     23.142579	     808.30762	     19.820000
        130.94	        Sample	             1	     5.0495958	    0.66939940	     9244.8000	     1830.8000	    0.10612554	  0.0075989901	     59.584526	     36.623260	     814.30223	     19.833300
        136.94	        Sample	             1	     5.1160282	    0.67299039	     9294.8000	     1816.8000	    0.10648783	  0.0088028497	     73.210583	     35.003759	     820.29719	     19.836600
        142.92	        Sample	             1	     5.2336427	    0.67916031	     9246.8000	     1766.8000	    0.10017193	  0.0086686862	     72.714293	     30.830607	     826.27908	     19.836600
        148.90	        Sample	             1	     5.0703350	    0.67052889	     9140.8000	     1802.8000	    0.10148936	  0.0096027299	     81.066574	     32.350059	     832.26466	     19.830000
        154.92	        Sample	             1	     5.1765742	    0.67619591	     9404.8000	     1816.8000	    0.11650508	   0.011182125	     97.402043	     36.302820	     838.28317	     19.840000
        160.91	        Sample	             1	     5.1498782	    0.67479031	     9304.8000	     1806.8000	   0.096246648	  0.0091202060	     78.410526	     30.140024	     844.27095	     19.840000
        166.91	        Sample	             1	     4.9501817	    0.66387581	     9260.8000	     1870.8000	    0.11278690	  0.0089311886	     72.512794	     40.028937	     850.27576	     19.843300
        172.87	        Sample	             1	     5.0179943	    0.66766336	     9146.8000	     1822.8000	   0.082617530	  0.0079911439	     67.800016	     26.797486	     856.22670	     19.846600
        178.86	        Sample	             1	     5.2014825	    0.67749647	     9262.8000	     1780.8000	    0.10152341	  0.0093869336	     79.961833	     31.173538	     862.21628	     19.850000
        184.86	        Sample	             1	     5.1339906	    0.67394798	     9165.2000	     1785.2000	    0.11121258	  0.0089761664	     73.153048	     35.950258	     868.21903	     19.850000
        193.80	        Sample	             1	     5.2333644	    0.67914598	     8997.2000	     1719.2000	    0.11378684	  0.0093790728	     75.665469	     34.470430	     877.16342	     19.850000
        199.78	        Sample	             1	     5.2264284	    0.67878857	     8891.2000	     1701.2000	    0.10334326	  0.0097870612	     80.388530	     29.915671	     883.13742	     19.853300
        205.77	        Sample	             1	     5.2021398	    0.67753065	     9141.2000	     1757.2000	    0.11094220	  0.0084187582	     67.326385	     35.168766	     889.13324	     19.866600
        211.75	        Sample	             1	     5.2625775	    0.68064268	     9163.2000	     1741.2000	    0.10407868	  0.0092333322	     77.181945	     31.156650	     895.11423	     19.860000
        217.75	        Sample	             1	     5.2901806	    0.68204411	     9137.2000	     1727.2000	   0.094515595	  0.0091639499	     77.642907	     27.144836	     901.10789	     19.860000
        223.72	        Sample	             1	     5.0930599	    0.67175770	     9041.2000	     1775.2000	    0.10032589	  0.0091207727	     75.520649	     31.669344	     907.08688	     19.860000
        229.70	        Sample	             1	     5.2689385	    0.68096672	     9153.2000	     1737.2000	    0.12989322	   0.010015327	     80.799948	     39.986840	     913.06015	     19.873300
        235.69	        Sample	             1	     5.0454342	    0.66917182	     9017.2000	     1787.2000	    0.11609736	  0.0081557248	     61.823177	     39.256243	     919.04969	     19.873300
        241.67	        Sample	             1	     5.1200546	    0.67320553	     9007.2000	     1759.2000	   0.098706898	  0.0086186479	     70.457154	     30.997453	     925.03047	     19.876600
        247.68	        Sample	             1	     5.1503489	    0.67481519	     9153.2000	     1777.2000	   0.099952572	  0.0083957684	     69.116226	     31.772216	     931.04229	     19.870000
        253.67	        Sample	             1	     5.0821639	    0.67116966	     8981.2000	     1767.2000	    0.12976275	  0.0091667556	     69.601875	     42.993268	     937.03592	     19.870000
        259.66	        Sample	             1	     5.1910916	    0.67695519	     8997.2000	     1733.2000	    0.10789276	  0.0093753855	     76.550637	     32.866556	     943.02429	     19.880000
        265.65	        Sample	             1	     5.1198291	    0.67319349	     9109.2000	     1779.2000	    0.11650089	   0.010548841	     87.946156	     36.660606	     949.00685	     19.883300
        271.65	        Sample	             1	     5.2010073	    0.67747176	     9087.2000	     1747.2000	    0.11366312	   0.010925689	     91.972536	     33.841737	     955.00646	     19.883300
        277.65	        Sample	             1	     5.1224443	    0.67333308	     8919.2000	     1741.2000	    0.10951653	  0.0090015247	     71.736359	     34.491799	     961.01042	     19.886600
        283.63	        Sample	             1	     5.0340909	    0.66854991	     9037.2000	     1795.2000	   0.083190236	  0.0069673208	     56.410152	     27.468642	     966.99142	     19.890000
        289.63	        Sample	             1	     5.2959231	    0.68233411	     9041.2000	     1707.2000	    0.11074070	  0.0086554229	     69.298743	     33.213821	     972.99192	     19.890000
        295.61	        Sample	             1	     5.1286773	    0.67366531	     9135.2000	     1781.2000	    0.10558076	  0.0081741335	     65.540666	     34.369509	     978.96958	     19.890000
        301.58	        Sample	             1	     5.3125443	    0.68317054	     8995.2000	     1693.2000	    0.13602218	   0.012022362	     98.605007	     39.178404	     984.94544	     19.893300
        307.59	        Sample	             1	     5.1527555	    0.67494239	     9013.2000	     1749.2000	    0.12153896	  0.0086358433	     66.318212	     39.199893	     990.95047	     19.893300
        313.58	        Sample	             1	     5.0731653	    0.67068244	     9097.2000	     1793.2000	    0.12161271	  0.0090302413	     70.837100	     40.655161	     996.93750	     19.900000
        319.57	        Sample	             1	     4.9973292	    0.66651822	     8981.2000	     1797.2000	   0.092603940	  0.0079725557	     64.581242	     30.693733	     1002.9270	     19.900000
        325.55	        Sample	             1	     5.2239011	    0.67865813	     9127.2000	     1747.2000	   0.087734656	  0.0074211819	     61.112493	     26.911160	     1008.9135	     19.900000
        331.54	        Sample	             1	     5.2221202	    0.67856616	     9103.2000	     1743.2000	    0.12167405	  0.0089940560	     71.075942	     38.267755	     1014.8990	     19.900000
        337.52	        Sample	             1	     5.1450837	    0.67453657	     8979.2000	     1745.2000	   0.092202636	  0.0096387017	     81.336209	     26.985376	     1020.8853	     19.913300
        343.53	        Sample	             1	     5.1151144	    0.67294153	     9029.2000	     1765.2000	    0.13049435	   0.010648709	     85.715564	     41.799018	     1026.8870	     19.913300
        349.50	        Sample	             1	     5.3357460	    0.68433078	     9141.2000	     1713.2000	   0.079892786	  0.0067297914	     55.537564	     23.445345	     1032.8614	     19.916600
        355.50	        Sample	             1	     5.1583485	    0.67523760	     9095.2000	     1763.2000	   0.090360305	  0.0080456223	     66.750123	     28.045076	     1038.8578	     19.910000
        361.50	        Sample	             1	     5.1397730	    0.67425506	     9237.2000	     1797.2000	   0.093400179	  0.0084262564	     71.192844	     29.575950	     1044.8587	     19.910000
        367.47	        Sample	             1	     4.9687087	    0.66491915	     9019.2000	     1815.2000	   0.081625046	  0.0074999490	     62.008488	     27.082719	     1050.8264	     19.920000
        373.46	        Sample	             1	     5.1234652	    0.67338755	     9013.2000	     1759.2000	   0.092428198	  0.0095493151	     80.758249	     27.545178	     1056.8202	     19.923300
        382.39	        Sample	             1	     5.0139134	    0.66743785	     9081.2000	     1811.2000	   0.085409341	  0.0079811731	     66.735929	     27.834095	     1065.7506	     19.926600
        388.40	        Sample	             1	     5.0170380	    0.66761054	     9187.2000	     1831.2000	   0.098710505	  0.0086717350	     72.280157	     33.023118	     1071.7568	     19.926600
        394.39	        Sample	             1	     5.2580198	    0.68041009	     9113.2000	     1733.2000	   0.083813651	  0.0081091628	     68.516613	     24.361315	     1077.7484	     19.930000
        400.39	        Sample	             1	     4.8835160	    0.66006721	     9089.2000	     1861.2000	    0.10885878	   0.010675539	     90.214948	     37.148351	     1083.7460	     19.930000
        406.36	        Sample	             1	     4.9577072	    0.66430039	     9237.2000	     1863.2000	   0.093010668	  0.0091629719	     78.794870	     31.132991	     1089.7255	     19.930000
        412.37	        Sample	             1	     5.0832961	    0.67123087	     9105.2000	     1791.2000	    0.12557206	  0.0099006068	     79.433521	     41.396669	     1095.7371	     19.933300
        418.36	        Sample	             1	     5.1264064	    0.67354434	     9295.2000	     1813.2000	   0.088664958	  0.0067064421	     54.281915	     29.518950	     1101.7216	     19.946600
        424.35	        Sample	             1	     5.0730024	    0.67067361	     9117.2000	     1797.2000	    0.10674556	  0.0086351375	     69.903693	     35.216623	     1107.7107	     19.946600
