Space=Time,Sample,Iteration
Columns=Time,Sample,Iteration,Ratio,GPolarization,I1,I2,RatioStdError,GPolarizationStdError,I1StdError,I2StdError,RealTime,RealTemperature
Dark=100.8, 521.6
[Data]
          0.00	        Sample	             1	     2.1014406	    0.35513838	     1400.4000	     666.40000	   0.098215005	   0.021825654	     32.892168	     26.926801	     314.33047	     20.060000
          6.54	        Sample	             1	     2.1359404	    0.36223278	     1376.4000	     644.40000	    0.10230313	   0.024898238	     40.572223	     24.326723	     320.87380	     20.073300
         12.21	        Sample	             1	     2.1155257	    0.35805376	     1384.4000	     654.40000	   0.098887463	   0.019866293	     25.837549	     28.045076	     326.54107	     20.073300
         17.89	        Sample	             1	     2.0874848	    0.35222353	     1374.4000	     658.40000	    0.10532505	   0.022798213	     32.366324	     29.379549	     332.22487	     20.076600
         23.56	        Sample	             1	     2.1555278	    0.36619161	     1380.4000	     640.40000	    0.10767232	   0.021132197	     27.295652	     29.375966	     337.89455	     20.070000
         29.23	        Sample	             1	     2.1543327	    0.36595147	     1362.4000	     632.40000	   0.078988657	   0.017262044	     25.447573	     19.952575	     343.56593	     20.070000
         34.92	        Sample	             1	     2.0229277	    0.33838973	     1376.4000	     680.40000	   0.080591527	   0.017174212	     22.566860	     24.704570	     349.25718	     20.080000
         40.57	        Sample	             1	     2.1086821	    0.35664055	     1350.4000	     640.40000	    0.11162441	   0.024813300	     36.198284	     29.232282	     354.90450	     20.080000
         46.25	        Sample	             1	     1.9638197	    0.32519512	     1324.4000	     674.40000	   0.085425026	   0.019321465	     25.674070	     26.261839	     360.58197	     20.083300
         51.93	        Sample	             1	     2.0682957	    0.34817235	     1320.4000	     638.40000	   0.088697896	   0.025268941	     43.283642	     17.651599	     366.26676	     20.086600
         57.61	        Sample	             1	     1.9121622	    0.31322506	     1358.4000	     710.40000	   0.092708182	   0.022126746	     31.522757	     30.241136	     371.95101	     20.086600
         63.30	        Sample	             1	     2.0388821	    0.34186325	     1342.4000	     658.40000	   0.084356841	   0.018577695	     25.530168	     24.192213	     377.63588	     20.086600
         69.07	        Sample	             1	     1.9933171	    0.33184494	     1312.4000	     658.40000	   0.093485631	   0.021031441	     28.176138	     27.453310	     383.40875	     20.090000
         74.75	        Sample	             1	     2.2075593	    0.37647294	     1378.4000	     624.40000	   0.094474369	   0.018883942	     26.036412	     23.978060	     389.08100	     20.090000
         80.44	        Sample	             1	     2.1087485	    0.35665429	     1388.4000	     658.40000	   0.076225594	   0.017513702	     27.202941	     20.000000	     394.77006	     20.093300
         86.21	        Sample	             1	     2.2035344	    0.37568956	     1446.4000	     656.40000	    0.10168658	   0.020001041	     28.224663	     27.449475	     400.53731	     20.093300
         91.87	        Sample	             1	     2.1579892	    0.36668562	     1442.4000	     668.40000	    0.11734219	   0.025183212	     38.596427	     31.639416	     406.20961	     20.093300
         97.56	        Sample	             1	     2.1619506	    0.36747906	     1436.4000	     664.40000	    0.10046440	   0.021057955	     31.318399	     27.264784	     411.88927	     20.106600
        103.22	        Sample	             1	     2.0170488	    0.33710055	     1372.4000	     680.40000	   0.086830273	   0.019832983	     28.913665	     25.542534	     417.55401	     20.100000
        108.90	        Sample	             1	     2.2979258	    0.39355822	     1462.4000	     636.40000	    0.12142260	   0.024045239	     36.407055	     29.661245	     423.23771	     20.100000
        114.57	        Sample	             1	     2.2590580	    0.38632574	     1496.4000	     662.40000	   0.076209526	   0.019219188	     35.240527	     16.000000	     428.91082	     20.100000
        120.25	        Sample	             1	     2.3141809	    0.39653264	     1514.4000	     654.40000	   0.082796675	   0.018673130	     32.689931	     18.671679	     434.58401	     20.100000
        125.92	        Sample	             1	     2.2150668	    0.37792895	     1458.4000	     658.40000	   0.099541858	   0.023721649	     40.884948	     23.124378	     440.25490	     20.113300
        131.60	        Sample	             1	     2.3851992	    0.40919283	     1508.4000	     632.40000	    0.10259916	   0.020143147	     32.167326	     23.624252	     445.92969	     20.116600
        137.28	        Sample	             1	     2.1878926	    0.37262630	     1532.4000	     700.40000	   0.092233157	   0.020087120	     33.626431	     25.210691	     451.61032	     20.116600
        142.96	        Sample	             1	     2.2625665	    0.38698568	     1530.4000	     676.40000	    0.10007725	   0.018683350	     26.926801	     27.449475	     457.28782	     20.110000
        148.62	        Sample	             1	     2.3576159	    0.40433925	     1566.4000	     664.40000	   0.098881871	   0.020132872	     34.163693	     23.801813	     462.95548	     20.120000
        154.30	        Sample	             1	     2.2234670	    0.37955003	     1508.4000	     678.40000	   0.098903928	   0.021752871	     36.577243	     25.298221	     468.63485	     20.120000
        159.98	        Sample	             1	     2.3111888	    0.39598733	     1586.4000	     686.40000	   0.071572432	   0.015518426	     27.697615	     17.555926	     474.30963	     20.120000
        165.63	        Sample	             1	     2.4674257	    0.42320321	     1560.4000	     632.40000	    0.11122858	   0.018105750	     25.043121	     26.639899	     479.96826	     20.123300
        171.33	        Sample	             1	     2.2543453	    0.38543707	     1556.4000	     690.40000	   0.084631568	   0.018805392	     33.147200	     21.344295	     485.66050	     20.126600
        177.00	        Sample	             1	     2.2032843	    0.37564080	     1556.4000	     706.40000	   0.090142759	   0.020802050	     37.329260	     23.413896	     491.32808	     20.126600
        182.66	        Sample	             1	     2.2172855	    0.37835793	     1457.2000	     657.20000	   0.094490797	   0.020255969	     32.088693	     23.978060	     496.99482	     20.130000
        191.27	        Sample	             1	     2.4199598	    0.41519781	     1445.2000	     597.20000	    0.10305974	   0.020441472	     31.825180	     21.769123	     505.60282	     20.130000
        196.94	        Sample	             1	     2.3888889	    0.40983607	     1393.2000	     583.20000	    0.13418690	   0.024199416	     32.763908	     29.749834	     511.26832	     20.130000
        202.62	        Sample	             1	     2.2841704	    0.39101820	     1437.2000	     629.20000	    0.10072602	   0.020216137	     30.334972	     24.361315	     516.95194	     20.133300
        208.30	        Sample	             1	     2.1852776	    0.37211124	     1401.2000	     641.20000	    0.10653180	   0.023910250	     37.598992	     26.096985	     522.62926	     20.133300
        213.98	        Sample	             1	     2.1878109	    0.37261022	     1407.2000	     643.20000	   0.084539198	   0.015586566	     18.784092	     23.323808	     528.31632	     20.146600
        219.65	        Sample	             1	     2.0487225	    0.34398753	     1379.2000	     673.20000	   0.084624510	   0.018917660	     27.468642	     24.361315	     533.98638	     20.146600
        225.32	        Sample	             1	     2.1634435	    0.36777756	     1387.2000	     641.20000	   0.076771881	   0.017129158	     26.341882	     19.221698	     539.66081	     20.146600
        231.11	        Sample	             1	     2.0793746	    0.35051748	     1383.2000	     665.20000	    0.13176330	   0.027120029	     35.552778	     38.528185	     545.43795	     20.140000
        236.80	        Sample	             1	     2.2507896	    0.38476487	     1425.2000	     633.20000	    0.10737144	   0.022695856	     35.096858	     25.870121	     551.12962	     20.140000
        242.47	        Sample	             1	     2.2625945	    0.38699093	     1437.2000	     635.20000	   0.090627618	   0.020013670	     32.479953	     21.006265	     556.79847	     20.140000
        248.13	        Sample	             1	     2.1702806	    0.36914102	     1361.2000	     627.20000	   0.078343300	   0.016918652	     24.772650	     19.552897	     562.46646	     20.153300
        253.81	        Sample	             1	     2.1598259	    0.36705373	     1389.2000	     643.20000	   0.091556106	   0.018817941	     26.353867	     24.382910	     568.14548	     20.153300
        259.48	        Sample	             1	     2.1172161	    0.35840188	     1387.2000	     655.20000	   0.066259353	   0.014734329	     22.176327	     17.627729	     573.81242	     20.156600
        265.16	        Sample	             1	     1.9894614	    0.33098316	     1359.2000	     683.20000	   0.064271182	   0.016442560	     26.612225	     17.555926	     579.48842	     20.156600
        270.83	        Sample	             1	     2.2092131	    0.37679426	     1381.2000	     625.20000	   0.098818842	   0.019620448	     26.891595	     25.177266	     585.15852	     20.150000
        276.47	        Sample	             1	     2.1425061	    0.36356529	     1395.2000	     651.20000	   0.099538888	   0.020209779	     27.590998	     27.376517	     590.80553	     20.150000
        282.16	        Sample	             1	     2.2092131	    0.37679426	     1381.2000	     625.20000	    0.10373686	   0.022670674	     34.564966	     24.840544	     596.48685	     20.160000
        287.84	        Sample	             1	     2.4399171	    0.41859064	     1413.2000	     579.20000	    0.12541047	   0.019213513	     20.820031	     28.521460	     602.17406	     20.160000
        293.51	        Sample	             1	     2.1225728	    0.35950253	     1399.2000	     659.20000	   0.090183156	   0.019458282	     28.595178	     24.554987	     607.84510	     20.163300
        299.19	        Sample	             1	     2.1540861	    0.36590190	     1381.2000	     641.20000	   0.070783843	   0.015786448	     24.083189	     17.859098	     613.52137	     20.163300
        304.86	        Sample	             1	     2.2831565	    0.39083014	     1377.2000	     603.20000	    0.10277487	   0.022074597	     33.751413	     22.775795	     619.19475	     20.166600
        310.49	        Sample	             1	     2.1311787	    0.36126290	     1345.2000	     631.20000	    0.10945166	   0.024672900	     36.738049	     27.453310	     624.82081	     20.166600
        316.16	        Sample	             1	     2.0377358	    0.34161491	     1339.2000	     657.20000	   0.088695965	   0.021770429	     33.916306	     23.265063	     630.48917	     20.170000
        321.83	        Sample	             1	     2.1452335	    0.36411717	     1341.2000	     625.20000	    0.10027287	   0.021138063	     29.289840	     25.837549	     636.16630	     20.170000
        327.51	        Sample	             1	     2.1124845	    0.35742653	     1367.2000	     647.20000	   0.082785789	   0.018786474	     28.417934	     21.501530	     641.84041	     20.170000
        333.19	        Sample	             1	     2.2911726	    0.39231385	     1391.2000	     607.20000	    0.10688448	   0.018416969	     21.423057	     26.738500	     647.52584	     20.173300
        338.86	        Sample	             1	     2.1989631	    0.37479741	     1357.2000	     617.20000	    0.11079277	   0.024495406	     36.966557	     26.161442	     653.19408	     20.186600
        344.55	        Sample	             1	     2.1681360	    0.36871397	     1377.2000	     635.20000	   0.094591826	   0.020998659	     31.957208	     23.467783	     658.88408	     20.186600
        350.21	        Sample	             1	     2.1028959	    0.35544083	     1365.2000	     649.20000	   0.097470147	   0.018646631	     21.180925	     28.354894	     664.54892	     20.180000
        355.89	        Sample	             1	     2.2035809	    0.37569861	     1329.2000	     603.20000	   0.081506980	   0.017208694	     24.361315	     19.379859	     670.22162	     20.180000
        361.57	        Sample	             1	     2.1760966	    0.37029624	     1369.2000	     629.20000	    0.10312224	   0.023633886	     36.875323	     24.533543	     675.90829	     20.180000
        367.25	        Sample	             1	     2.1822338	    0.37151067	     1336.4000	     612.40000	    0.11983495	   0.023408351	     29.717973	     30.748556	     681.57724	     20.193300
        375.86	        Sample	             1	     2.2207464	    0.37902592	     1404.4000	     632.40000	   0.094960524	   0.019497281	     28.503001	     23.801813	     690.19580	     20.196600
        381.55	        Sample	             1	     2.1602723	    0.36714314	     1396.4000	     646.40000	    0.10327591	   0.022130737	     32.815272	     26.911160	     695.88375	     20.196600
        387.23	        Sample	             1	     2.0295894	    0.33984453	     1344.4000	     662.40000	    0.10006182	   0.022543247	     31.851630	     28.639318	     701.56466	     20.190000
        392.91	        Sample	             1	     1.9993888	    0.33319747	     1308.4000	     654.40000	   0.083635808	   0.019839294	     28.650342	     23.323808	     707.23594	     20.200000
        398.69	        Sample	             1	     2.0329068	    0.34056661	     1334.4000	     656.40000	   0.091706758	   0.021196337	     30.793027	     25.443436	     713.02150	     20.200000
        404.36	        Sample	             1	     2.1285363	    0.36072341	     1384.4000	     650.40000	    0.12637110	   0.024557561	     30.362720	     35.882850	     718.69544	     20.203300
        410.02	        Sample	             1	     2.1723254	    0.36954766	     1356.4000	     624.40000	    0.11941832	   0.023341715	     29.859319	     31.452554	     724.35405	     20.206600
        415.70	        Sample	             1	     1.9697509	    0.32654284	     1328.4000	     674.40000	   0.072076473	   0.018888920	     30.362720	     19.270922	     730.03104	     20.206600
        421.39	        Sample	             1	     2.1211743	    0.35921553	     1358.4000	     640.40000	    0.11276378	   0.021918406	     26.373831	     31.692602	     735.72644	     20.210000
        427.06	        Sample	             1	     2.0590823	    0.34620916	     1310.4000	     636.40000	   0.097523061	   0.019528979	     22.365387	     28.116300	     741.39033	     20.210000
        432.74	        Sample	             1	     2.0709838	    0.34874290	     1330.4000	     642.40000	   0.083303923	   0.019876985	     30.282877	     21.304805	     747.07975	     20.210000
        438.51	        Sample	             1	     2.1505588	    0.36519199	     1308.4000	     608.40000	    0.10170439	   0.022329828	     31.719162	     24.704570	     752.84058	     20.213300
        444.20	        Sample	             1	     1.9519573	    0.32248342	     1316.4000	     674.40000	   0.077191202	   0.019790873	     30.693733	     21.540659	     758.53197	     20.226600
        449.99	        Sample	             1	     2.1439842	    0.36386449	     1304.4000	     608.40000	   0.094273348	   0.020797047	     29.518950	     22.936985	     764.31689	     20.226600
        455.74	        Sample	             1	     2.3574352	    0.40430719	     1382.4000	     586.40000	    0.13841192	   0.025432747	     34.384819	     31.187042	     770.07638	     20.226600
        461.44	        Sample	             1	     2.1194030	    0.35885167	     1306.4000	     616.40000	   0.093493429	   0.020115024	     27.453310	     23.907717	     775.77014	     20.220000
        467.11	        Sample	             1	     2.0363973	    0.34132466	     1320.4000	     648.40000	   0.078183821	   0.018011851	     25.837549	     21.418143	     781.44693	     20.220000
        472.77	        Sample	             1	     2.0477053	    0.34376858	     1356.4000	     662.40000	   0.091374439	   0.021186226	     31.639416	     25.198162	     787.10270	     20.220000
        478.45	        Sample	             1	     2.1048813	    0.35585298	     1276.4000	     606.40000	   0.093581805	   0.022363796	     33.070897	     21.908902	     792.78244	     20.233300
        484.11	        Sample	             1	     2.1125485	    0.35743973	     1306.4000	     618.40000	   0.096043806	   0.018575010	     21.026299	     26.293886	     798.44394	     20.233300
        489.79	        Sample	             1	     2.1781609	    0.37070524	     1364.4000	     626.40000	   0.079307542	   0.015851885	     21.220645	     20.621910	     804.12480	     20.236600
        495.49	        Sample	             1	     2.0767327	    0.34995977	     1342.4000	     646.40000	    0.10443653	   0.023768597	     34.871192	     27.834095	     809.81713	     20.236600
        501.15	        Sample	             1	     2.2516824	    0.38493377	     1338.4000	     594.40000	    0.12316034	   0.024985542	     34.834949	     28.595178	     815.48221	     20.230000
        506.83	        Sample	             1	     2.1887655	    0.37279803	     1340.4000	     612.40000	   0.094882970	   0.018396068	     23.265063	     24.326723	     821.15986	     20.230000
        512.61	        Sample	             1	     2.1132813	    0.35759097	     1298.4000	     614.40000	   0.095722474	   0.022825331	     34.348064	     22.590170	     826.94492	     20.240000
        518.29	        Sample	             1	     2.0592686	    0.34624897	     1306.4000	     634.40000	    0.10043536	   0.022186129	     30.227210	     27.237745	     832.62283	     20.243300
        524.07	        Sample	             1	     2.0876419	    0.35225648	     1324.4000	     634.40000	   0.093384151	   0.020149976	     27.449475	     25.147983	     838.39859	     20.243300
        529.72	        Sample	             1	     1.9849363	    0.32996894	     1370.4000	     690.40000	   0.079602449	   0.019379093	     30.003509	     23.197096	     844.05608	     20.246600
        535.42	        Sample	             1	     2.0703270	    0.34860358	     1342.4000	     648.40000	   0.087819785	   0.021438673	     33.642079	     22.190562	     849.75149	     20.250000
        541.09	        Sample	             1	     2.1686587	    0.36881811	     1306.4000	     602.40000	   0.098443995	   0.022241163	     32.638369	     22.831188	     855.42341	     20.250000
        546.86	        Sample	             1	     2.0296790	    0.33986405	     1340.4000	     660.40000	   0.085727494	   0.018095921	     22.900241	     25.509544	     861.19179	     20.250000
        552.54	        Sample	             1	     2.2802419	    0.39028888	     1357.2000	     595.20000	   0.094605922	   0.018856509	     26.481374	     21.793287	     866.86731	     20.250000
        561.24	        Sample	             1	     2.1393597	    0.36292741	     1363.2000	     637.20000	    0.13248071	   0.027427913	     37.568184	     35.335981	     875.57772	     20.253300
        566.94	        Sample	             1	     1.9801563	    0.32889427	     1317.2000	     665.20000	    0.10491223	   0.024097901	     33.121785	     31.021215	     881.26940	     20.253300
        572.61	        Sample	             1	     2.0618622	    0.34680275	     1293.2000	     627.20000	   0.074598548	   0.020907039	     34.759323	     15.190024	     886.94626	     20.266600
        578.30	        Sample	             1	     1.9063981	    0.31186302	     1287.2000	     675.20000	    0.10717241	   0.025840847	     35.291269	     33.137671	     892.62700	     20.260000
        583.96	        Sample	             1	     2.0773131	    0.35008237	     1311.2000	     631.20000	    0.10172308	   0.023795951	     35.123841	     25.874190	     898.29336	     20.260000
        589.64	        Sample	             1	     2.2181122	    0.37851764	     1391.2000	     627.20000	   0.090815383	   0.017453313	     23.124378	     23.467783	     903.96848	     20.260000
        595.41	        Sample	             1	     1.9804502	    0.32896045	     1337.2000	     675.20000	   0.077941064	   0.020291436	     32.738196	     20.804858	     909.73674	     20.273300
        601.08	        Sample	             1	     2.0497573	    0.34421011	     1351.2000	     659.20000	   0.087191439	   0.023005067	     38.443397	     20.845295	     915.40934	     20.273300
        606.76	        Sample	             1	     2.0911345	    0.35298837	     1349.2000	     645.20000	   0.083197005	   0.017508290	     23.481236	     23.083373	     921.09017	     20.276600
        612.43	        Sample	             1	     2.1977186	    0.37455410	     1387.2000	     631.20000	    0.10641291	   0.024845716	     40.042083	     24.537833	     926.76466	     20.276600
        618.11	        Sample	             1	     2.1013350	    0.35511642	     1385.2000	     659.20000	   0.083453182	   0.022028620	     37.977833	     18.940350	     932.44216	     20.276600
        623.81	        Sample	             1	     2.0293200	    0.33978583	     1301.2000	     641.20000	   0.081475176	   0.019114348	     27.510763	     21.884866	     938.14230	     20.270000
        629.48	        Sample	             1	     2.1013767	    0.35512510	     1343.2000	     639.20000	   0.082844671	   0.018910680	     28.149974	     21.344295	     943.81054	     20.270000
        635.15	        Sample	             1	     2.0254083	    0.33893221	     1339.2000	     661.20000	   0.082031398	   0.017428997	     22.214268	     24.430352	     949.48513	     20.280000
        640.83	        Sample	             1	     2.0249554	    0.33883324	     1363.2000	     673.20000	   0.090499359	   0.025090026	     43.586574	     21.021292	     955.15876	     20.283300
        646.51	        Sample	             1	     2.1804223	    0.37115269	     1363.2000	     625.20000	    0.10612567	   0.021952995	     30.793027	     26.954152	     960.84291	     20.283300
        652.17	        Sample	             1	     2.1957226	    0.37416346	     1355.2000	     617.20000	    0.11740773	   0.025117964	     36.637628	     28.473441	     966.50120	     20.286600
        657.85	        Sample	             1	     2.3513514	    0.40322581	     1357.2000	     577.20000	   0.091615383	   0.018552217	     27.109913	     19.309120	     972.18189	     20.290000
        663.54	        Sample	             1	     2.0392902	    0.34195163	     1287.2000	     631.20000	    0.10609837	   0.024787025	     35.291269	     27.909629	     977.86797	     20.290000
        669.30	        Sample	             1	     2.0624635	    0.34693100	     1413.2000	     685.20000	   0.092099542	   0.022570137	     37.329260	     24.670460	     983.63023	     20.290000
        674.97	        Sample	             1	     2.0100118	    0.33555077	     1365.2000	     679.20000	   0.091628765	   0.021870439	     33.375062	     26.133262	     989.29767	     20.290000
        680.63	        Sample	             1	     2.0438223	    0.34293141	     1343.2000	     657.20000	    0.10325641	   0.025029758	     38.727115	     27.264784	     994.96264	     20.293300
        686.31	        Sample	             1	     2.2269549	    0.38022065	     1401.2000	     629.20000	    0.10874044	   0.023156436	     35.168766	     26.353867	     1000.6386	     20.306600
        691.98	        Sample	             1	     2.0599506	    0.34639467	     1333.2000	     647.20000	   0.088560672	   0.020594712	     30.501078	     23.557321	     1006.3111	     20.306600
        697.66	        Sample	             1	     1.8685843	    0.30279198	     1325.2000	     709.20000	   0.070930758	   0.019417799	     31.425769	     21.021292	     1011.9894	     20.300000
        703.34	        Sample	             1	     2.0248815	    0.33881708	     1367.2000	     675.20000	   0.079475035	   0.019748748	     31.642743	     21.403394	     1017.6726	     20.300000
        709.02	        Sample	             1	     2.2275449	    0.38033395	     1339.2000	     601.20000	    0.13087010	   0.024185127	     29.105977	     32.815272	     1023.3546	     20.300000
        714.68	        Sample	             1	     2.1607143	    0.36723164	     1355.2000	     627.20000	   0.080097215	   0.017490539	     25.694562	     19.978936	     1029.0192	     20.300000
        720.37	        Sample	             1	     1.9594756	    0.32420459	     1315.2000	     671.20000	   0.088296814	   0.022617716	     35.111851	     24.365636	     1034.7058	     20.313300
        726.14	        Sample	             1	     2.3362358	    0.40052198	     1395.2000	     597.20000	   0.084322863	   0.016654348	     24.348349	     18.867962	     1040.4724	     20.316600
        731.92	        Sample	             1	     2.1153359	    0.35801465	     1335.2000	     631.20000	    0.11540355	   0.022790400	     27.667195	     31.854934	     1046.2520	     20.316600
        737.62	        Sample	             1	     1.9098639	    0.31268264	     1347.6000	     705.60000	   0.078842334	   0.020275865	     31.719162	     23.929722	     1051.9554	     20.310000
        746.35	        Sample	             1	     2.0912815	    0.35301912	     1429.6000	     683.60000	   0.094011531	   0.018896648	     24.776899	     28.354894	     1060.6847	     20.320000
        752.00	        Sample	             1	     2.2268961	    0.38020936	     1397.6000	     627.60000	   0.086508620	   0.016408895	     21.540659	     22.379502	     1066.3373	     20.320000
        757.67	        Sample	             1	     2.0127350	    0.33615137	     1327.6000	     659.60000	   0.076109360	   0.021664417	     37.216295	     16.739490	     1072.0041	     20.323300
        763.36	        Sample	             1	     2.0186298	    0.33744774	     1343.6000	     665.60000	   0.062915438	   0.014816169	     22.000000	     17.651599	     1077.6964	     20.326600
        769.02	        Sample	             1	     2.1082964	    0.35656072	     1331.6000	     631.60000	   0.089153640	   0.019760132	     28.325179	     23.083373	     1083.3475	     20.326600
        774.70	        Sample	             1	     2.0648715	    0.34744409	     1349.6000	     653.60000	   0.085195114	   0.019337730	     28.269381	     23.233370	     1089.0312	     20.330000
        780.49	        Sample	             1	     2.2268961	    0.38020936	     1397.6000	     627.60000	    0.10185220	   0.020021291	     27.697615	     25.870121	     1094.8220	     20.330000
        786.16	        Sample	             1	     1.8828475	    0.30624149	     1343.6000	     713.60000	   0.071045069	   0.018430584	     28.650342	     22.214268	     1100.4928	     20.330000
        791.92	        Sample	             1	     2.1536010	    0.36580437	     1351.6000	     627.60000	   0.091771902	   0.021843140	     34.491799	     21.418143	     1106.2544	     20.330000
        819.51	        Sample	             1	     2.9798416	    0.49746744	     1655.6000	     555.60000	    0.15077800	   0.021728779	     34.564966	     25.608387	     1133.8362	     20.340000
        825.20	        Sample	             1	     3.1800595	    0.52153791	     1709.6000	     537.60000	    0.14488038	   0.020363795	     34.077311	     22.023910	     1139.5281	     20.340000
        830.96	        Sample	             1	     3.2146119	    0.52546046	     1689.6000	     525.60000	    0.15825466	   0.019458599	     29.508250	     24.192213	     1145.2887	     20.340000
        836.64	        Sample	             1	     3.1336858	    0.51617029	     1659.6000	     529.60000	    0.16037061	   0.022900523	     37.306695	     24.348349	     1150.9754	     20.353300
        842.31	        Sample	             1	     3.4588138	    0.55145021	     1679.6000	     485.60000	    0.20657365	   0.021195134	     29.058924	     27.758356	     1156.6398	     20.353300
        847.99	        Sample	             1	     3.2713057	    0.53175911	     1673.6000	     511.60000	    0.16750297	   0.019660985	     28.815201	     24.670460	     1162.3252	     20.356600
        853.66	        Sample	             1	     3.0790251	    0.50968676	     1667.6000	     541.60000	    0.15021941	   0.017591889	     23.659871	     25.281572	     1167.9978	     20.356600
        859.34	        Sample	             1	     3.1978445	    0.52356501	     1661.6000	     519.60000	    0.14873883	   0.018586040	     27.969909	     22.529513	     1173.6741	     20.350000
        865.01	        Sample	             1	     3.1785989	    0.52137067	     1651.6000	     519.60000	    0.14323296	   0.018738376	     28.913665	     21.574839	     1179.3476	     20.360000
        870.80	        Sample	             1	     3.0727136	    0.50892693	     1639.6000	     533.60000	    0.14543449	   0.021155966	     34.123614	     22.683173	     1185.1301	     20.360000
        876.46	        Sample	             1	     3.2488756	    0.52928723	     1733.6000	     533.60000	    0.17378263	   0.018329651	     24.296415	     27.545178	     1190.7946	     20.363300
        882.17	        Sample	             1	     3.1569371	    0.51887653	     1665.6000	     527.60000	    0.13922964	   0.016087626	     22.100250	     22.190562	     1196.5062	     20.363300
        887.85	        Sample	             1	     3.3547881	    0.54073540	     1709.6000	     509.60000	    0.19314399	   0.024866130	     40.512506	     26.738500	     1202.1781	     20.366600
        893.61	        Sample	             1	     3.3286052	    0.53795740	     1689.6000	     507.60000	    0.16308320	   0.019198331	     28.931862	     23.301231	     1207.9415	     20.370000
        899.29	        Sample	             1	     3.4557878	    0.55114559	     1719.6000	     497.60000	    0.18755895	   0.023670426	     38.854655	     24.554987	     1213.6231	     20.370000
        904.96	        Sample	             1	     3.2868792	    0.53346014	     1773.6000	     539.60000	    0.14773799	   0.019253984	     32.457259	     22.152581	     1219.2950	     20.370000
        910.65	        Sample	             1	     3.2422874	    0.52855623	     1723.6000	     531.60000	    0.15959197	   0.020363263	     32.635144	     24.153021	     1224.9822	     20.373300
        916.43	        Sample	             1	     2.9573216	    0.49460766	     1607.6000	     543.60000	    0.16670903	   0.024217632	     37.441885	     27.905857	     1230.7585	     20.373300
        922.12	        Sample	             1	     3.4112076	    0.54660941	     1728.8000	     506.80000	    0.15521298	   0.018439442	     29.149343	     21.418143	     1236.4527	     20.386600
        930.73	        Sample	             1	     3.2849250	    0.53324738	     1664.8000	     506.80000	    0.18418258	   0.023312926	     36.186651	     26.193611	     1245.0557	     20.380000
        936.40	        Sample	             1	     3.1875000	    0.52238806	     1672.8000	     524.80000	    0.17976655	   0.026820655	     45.338493	     25.955427	     1250.7321	     20.380000
        942.10	        Sample	             1	     3.2012336	    0.52394935	     1660.8000	     518.80000	    0.16430207	   0.021451076	     33.390828	     24.499194	     1256.4359	     20.380000
        947.87	        Sample	             1	     3.6210705	    0.56719985	     1704.8000	     470.80000	    0.19671113	   0.022525463	     35.481648	     23.624252	     1262.2027	     20.393300
        953.63	        Sample	             1	     3.2454617	    0.52890872	     1644.8000	     506.80000	    0.16074661	   0.020095635	     30.296778	     23.301231	     1267.9635	     20.393300
        959.30	        Sample	             1	     3.5296108	    0.55846096	     1668.8000	     472.80000	    0.20674784	   0.020966363	     28.931862	     26.453534	     1273.6341	     20.393300
        965.00	        Sample	             1	     3.3904221	    0.54446293	     1670.8000	     492.80000	    0.19233119	   0.023750781	     37.080283	     25.727315	     1279.3308	     20.396600
        970.67	        Sample	             1	     3.4841521	    0.55398480	     1758.8000	     504.80000	    0.17003371	   0.023982230	     42.379240	     21.423057	     1285.0053	     20.390000
        976.35	        Sample	             1	     3.3441200	    0.53960756	     1694.8000	     506.80000	    0.15360310	   0.017360266	     25.443436	     22.000000	     1290.6829	     20.390000
        982.03	        Sample	             1	     3.3506289	    0.54029635	     1704.8000	     508.80000	    0.16617580	   0.024114021	     41.498256	     21.985641	     1296.3651	     20.400000
        987.74	        Sample	             1	     2.7982155	    0.47343694	     1630.8000	     582.80000	    0.12565027	   0.021696094	     37.080283	     22.566860	     1302.0694	     20.400000
        993.50	        Sample	             1	     3.3010920	    0.53500181	     1692.8000	     512.80000	    0.18744963	   0.020333924	     28.075087	     27.849218	     1307.8325	     20.403300
        999.19	        Sample	             1	     3.1914734	    0.52284083	     1706.8000	     534.80000	    0.15169146	   0.021783099	     36.875323	     22.641369	     1313.5225	     20.403300
       1004.86	        Sample	             1	     3.5526537	    0.56069578	     1686.8000	     474.80000	    0.17304042	   0.022322331	     36.646246	     20.698335	     1319.1930	     20.406600
       1010.53	        Sample	             1	     3.1406959	    0.51698940	     1660.8000	     528.80000	    0.17787140	   0.024978474	     40.356308	     27.051608	     1324.8684	     20.406600
       1016.21	        Sample	             1	     3.2659906	    0.53117572	     1674.8000	     512.80000	    0.17079725	   0.026058506	     44.756652	     23.051430	     1330.5452	     20.410000
       1021.89	        Sample	             1	     3.6357268	    0.56856819	     1660.8000	     456.80000	    0.22977067	   0.028614830	     45.828054	     25.971644	     1336.2215	     20.410000
       1027.57	        Sample	             1	     3.2097523	    0.52491267	     1658.8000	     516.80000	    0.19279795	   0.021614831	     29.203461	     29.678984	     1341.9042	     20.410000
       1033.26	        Sample	             1	     3.0846037	    0.51035641	     1618.8000	     524.80000	    0.14202494	   0.016874935	     22.529513	     23.033157	     1347.5932	     20.413300
       1039.04	        Sample	             1	     3.3642173	    0.54172767	     1684.8000	     500.80000	    0.17083972	   0.022670832	     37.049043	     22.923213	     1353.3715	     20.426600
       1044.70	        Sample	             1	     3.2968869	    0.53454674	     1736.8000	     526.80000	    0.14910702	   0.018131345	     28.595178	     22.190562	     1359.0327	     20.426600
       1050.40	        Sample	             1	     3.2532517	    0.52977154	     1700.8000	     522.80000	    0.17479876	   0.021446461	     33.010365	     26.193611	     1364.7365	     20.426600
       1056.17	        Sample	             1	     3.3389021	    0.53905391	     1678.8000	     502.80000	    0.18962393	   0.020925125	     29.632841	     27.140958	     1370.5027	     20.420000
       1061.83	        Sample	             1	     3.3826571	    0.54365584	     1700.8000	     502.80000	    0.15245071	   0.017016248	     25.030508	     21.418143	     1376.1637	     20.420000
       1067.52	        Sample	             1	     3.5368249	    0.55916306	     1728.8000	     488.80000	    0.19608566	   0.017535563	     21.304805	     26.421682	     1381.8491	     20.420000
       1073.20	        Sample	             1	     3.2092173	    0.52485228	     1754.8000	     546.80000	    0.16185210	   0.020155015	     32.036164	     25.706849	     1387.5324	     20.433300
       1078.87	        Sample	             1	     3.2762050	    0.53229558	     1712.8000	     522.80000	    0.17247216	   0.022807882	     37.399690	     25.043121	     1393.1993	     20.436600
       1084.53	        Sample	             1	     3.5330033	    0.55879141	     1712.8000	     484.80000	    0.17379659	   0.018777761	     28.149974	     22.478059	     1398.8567	     20.436600
       1090.17	        Sample	             1	     3.5461409	    0.56006643	     1690.8000	     476.80000	    0.22051546	   0.019401629	     22.529513	     28.960954	     1404.5016	     20.430000
       1095.86	        Sample	             1	     3.0694645	    0.50853485	     1696.8000	     552.80000	    0.13197727	   0.017795040	     28.149974	     21.928112	     1410.1897	     20.430000
       1101.60	        Sample	             1	     3.2113885	    0.52509724	     1646.8000	     512.80000	    0.13892832	   0.023442355	     40.985235	     18.145610	     1415.9257	     20.440000
       1107.26	        Sample	             1	     3.1985294	    0.52364273	     1740.0000	     544.00000	    0.21103483	   0.025835301	     40.010525	     33.642079	     1421.5968	     20.440000
       1115.97	        Sample	             1	     3.4484127	    0.55040143	     1738.0000	     504.00000	    0.13212984	   0.016135588	     26.257831	     17.746757	     1430.2999	     20.443300
       1121.64	        Sample	             1	     3.3735409	    0.54270463	     1734.0000	     514.00000	    0.20638136	   0.020327489	     26.161442	     30.473457	     1435.9731	     20.446600
       1127.33	        Sample	             1	     3.2720307	    0.53183857	     1708.0000	     522.00000	    0.16636642	   0.021039824	     33.403435	     24.499194	     1441.6615	     20.450000
       1133.01	        Sample	             1	     3.1858736	    0.52220249	     1714.0000	     538.00000	    0.16224206	   0.025642594	     45.540034	     23.373399	     1447.3384	     20.450000
       1138.68	        Sample	             1	     3.0981818	    0.51197870	     1704.0000	     550.00000	    0.13904423	   0.020903702	     35.824132	     21.807773	     1453.0138	     20.450000
       1144.36	        Sample	             1	     3.3122530	    0.53620532	     1676.0000	     506.00000	    0.18967546	   0.023454748	     36.256397	     26.828893	     1458.6906	     20.450000
       1150.03	        Sample	             1	     3.2023346	    0.52407407	     1646.0000	     514.00000	    0.14038213	   0.020392228	     33.526109	     19.952575	     1464.3653	     20.453300
       1155.71	        Sample	             1	     3.6176471	    0.56687898	     1722.0000	     476.00000	    0.13786307	   0.016856923	     27.724206	     16.441283	     1470.0440	     20.453300
       1161.38	        Sample	             1	     3.1553030	    0.51868733	     1666.0000	     528.00000	    0.14870313	   0.023057580	     39.414131	     21.521103	     1475.7093	     20.466600
       1167.04	        Sample	             1	     3.0830325	    0.51016799	     1708.0000	     554.00000	    0.11925590	   0.017148355	     28.654016	     19.309120	     1481.3688	     20.460000
       1172.73	        Sample	             1	     3.2424242	    0.52857143	     1712.0000	     528.00000	    0.13389044	   0.019898334	     34.507055	     19.029064	     1487.0582	     20.460000
       1178.49	        Sample	             1	     3.2857143	    0.53333333	     1702.0000	     518.00000	    0.15875382	   0.017412588	     24.326723	     23.907717	     1492.8243	     20.460000
       1184.17	        Sample	             1	     2.9057971	    0.48794063	     1604.0000	     552.00000	    0.14770779	   0.021872845	     33.829293	     25.530168	     1498.5042	     20.460000
       1189.85	        Sample	             1	     3.3228346	    0.53734062	     1688.0000	     508.00000	    0.13951618	   0.015697833	     22.664603	     20.209430	     1504.1819	     20.460000
       1195.61	        Sample	             1	     3.2066421	    0.52456140	     1738.0000	     542.00000	    0.18621658	   0.024397245	     39.881403	     28.913665	     1509.9439	     20.473300
       1201.31	        Sample	             1	     3.4789916	    0.55347092	     1656.0000	     476.00000	    0.17634451	   0.022148755	     35.015786	     21.928112	     1515.6419	     20.476600
       1206.98	        Sample	             1	     3.4603175	    0.55160142	     1744.0000	     504.00000	    0.16423652	   0.018752489	     29.365214	     22.365387	     1521.3126	     20.476600
       1212.66	        Sample	             1	     3.4015748	    0.54561717	     1728.0000	     508.00000	    0.16657492	   0.023022586	     39.470175	     22.004784	     1526.9909	     20.470000
       1218.33	        Sample	             1	     3.5303644	    0.55853441	     1744.0000	     494.00000	    0.15724460	   0.018291129	     29.365214	     20.370257	     1532.6651	     20.480000
       1224.03	        Sample	             1	     3.0036364	    0.50045413	     1652.0000	     550.00000	    0.16074021	   0.021374544	     31.907762	     27.449475	     1538.3595	     20.480000
       1229.79	        Sample	             1	     3.5435685	    0.55981735	     1708.0000	     482.00000	    0.18723331	   0.022151194	     35.243514	     23.445345	     1544.1261	     20.483300
       1235.47	        Sample	             1	     3.0370370	    0.50458716	     1640.0000	     540.00000	    0.15737665	   0.020589989	     30.380049	     26.133262	     1549.7994	     20.483300
       1241.13	        Sample	             1	     3.1893939	    0.52260398	     1684.0000	     528.00000	    0.17610864	   0.020018832	     27.667195	     27.834095	     1555.4657	     20.486600
       1246.82	        Sample	             1	     3.3576923	    0.54104148	     1746.0000	     520.00000	    0.14376594	   0.018073514	     29.661245	     20.437324	     1561.1481	     20.490000
       1252.50	        Sample	             1	     2.8384880	    0.47896150	     1652.0000	     582.00000	    0.12299955	   0.019493080	     32.170598	     22.529513	     1566.8376	     20.490000
       1258.17	        Sample	             1	     3.4237288	    0.54789272	     1616.0000	     472.00000	    0.19871332	   0.017999082	     19.161365	     26.817119	     1572.5088	     20.490000
       1263.85	        Sample	             1	     3.2255639	    0.52669039	     1716.0000	     532.00000	    0.15885910	   0.019134408	     29.033556	     24.606375	     1578.1816	     20.490000
       1269.62	        Sample	             1	     3.2895753	    0.53375338	     1704.0000	     518.00000	    0.14318808	   0.019486799	     32.366324	     20.287409	     1583.9557	     20.493300
       1275.31	        Sample	             1	     3.3200000	    0.53703704	     1660.0000	     500.00000	    0.15716913	   0.022680302	     37.847339	     20.744054	     1589.6400	     20.493300
       1281.07	        Sample	             1	     3.2097378	    0.52491103	     1714.0000	     534.00000	    0.14965877	   0.023214766	     40.964683	     21.378789	     1595.4020	     20.506600
       1286.74	        Sample	             1	     3.3333333	    0.53846154	     1680.0000	     504.00000	    0.18044414	   0.018420804	     23.682105	     26.341882	     1601.0673	     20.506600
       1292.39	        Sample	             1	     3.4481328	    0.55037313	     1662.0000	     482.00000	    0.16994647	   0.023305270	     38.418745	     20.981195	     1606.7278	     20.500000
       1301.01	        Sample	             1	     3.0789474	    0.50967742	     1638.0000	     532.00000	    0.13321584	   0.017719918	     26.828893	     21.304805	     1615.3458	     20.500000
       1306.68	        Sample	             1	     3.4049587	    0.54596623	     1648.0000	     484.00000	    0.15920064	   0.019841336	     30.793027	     20.744054	     1621.0061	     20.500000
       1312.35	        Sample	             1	     3.0754717	    0.50925926	     1630.0000	     530.00000	    0.16238264	   0.021350750	     31.825180	     26.000000	     1626.6794	     20.513300
       1318.05	        Sample	             1	     3.1068702	    0.51301115	     1628.0000	     524.00000	    0.15537381	   0.022232830	     35.434149	     23.593041	     1632.3765	     20.513300
       1323.71	        Sample	             1	     3.2773438	    0.53242009	     1678.0000	     512.00000	    0.17995744	   0.026125454	     44.054990	     24.691784	     1638.0410	     20.516600
       1329.38	        Sample	             1	     3.1538462	    0.51851852	     1640.0000	     520.00000	    0.18932478	   0.023189190	     33.390828	     29.365214	     1643.7141	     20.510000
       1335.05	        Sample	             1	     3.3823529	    0.54362416	     1610.0000	     476.00000	    0.17801345	   0.020570565	     29.490409	     23.485718	     1649.3905	     20.510000
       1340.73	        Sample	             1	     3.5413223	    0.55959964	     1714.0000	     484.00000	    0.15299591	   0.015691651	     22.566860	     19.915611	     1655.0584	     20.520000
       1346.41	        Sample	             1	     3.3729508	    0.54264292	     1646.0000	     488.00000	    0.20681716	   0.025397593	     38.811284	     27.621502	     1660.7385	     20.523300
       1352.10	        Sample	             1	     3.1417625	    0.51711378	     1640.0000	     522.00000	    0.10897590	   0.020645651	     37.207809	     13.695946	     1666.4375	     20.523300
       1357.86	        Sample	             1	     3.4065041	    0.54612546	     1676.0000	     492.00000	    0.11564742	   0.016734657	     28.358606	     14.480477	     1672.1948	     20.523300
       1363.55	        Sample	             1	     3.7554585	    0.57943067	     1720.0000	     458.00000	    0.16422735	   0.021441105	     36.407055	     17.525921	     1677.8796	     20.526600
       1369.22	        Sample	             1	     3.3928571	    0.54471545	     1710.0000	     504.00000	    0.17161616	   0.022131750	     36.276714	     23.142579	     1683.5547	     20.530000
       1374.91	        Sample	             1	     3.3398438	    0.53915392	     1710.0000	     512.00000	    0.14296169	   0.021278468	     37.080283	     18.895836	     1689.2420	     20.530000
       1380.68	        Sample	             1	     3.1143911	    0.51390135	     1688.0000	     542.00000	    0.14155783	   0.022037455	     38.124450	     21.378789	     1695.0149	     20.530000
       1386.34	        Sample	             1	     3.2980392	    0.53467153	     1682.0000	     510.00000	    0.19012193	   0.023476082	     36.276714	     27.264784	     1700.6695	     20.530000
       1392.01	        Sample	             1	     3.3745020	    0.54280510	     1694.0000	     502.00000	    0.17230807	   0.017646994	     23.481236	     24.670460	     1706.3432	     20.533300
       1397.72	        Sample	             1	     3.4080000	    0.54627949	     1704.0000	     500.00000	    0.12833440	   0.016331971	     26.532998	     17.143358	     1712.0497	     20.546600
       1403.47	        Sample	             1	     3.2851562	    0.53327256	     1682.0000	     512.00000	    0.17249240	   0.021075076	     32.219641	     25.030508	     1717.7991	     20.546600
