
Comment=Con 2 mallas y rendijas de 0.5 para la de atrás  y 1 en todas las demás

Space=Time,Sample,Iteration
Columns=Time,Sample,Iteration,Ratio,GPolarization,I1,I2,RatioStdError,GPolarizationStdError,I1StdError,I2StdError,RealTime,RealTemperature
Dark=128.0, 664.0
[Data]
          0.00	        Sample	             1	     2.4856369	    0.42621676	     18344.000	     7380.0000	   0.029916633	  0.0044729962	     62.885025	     85.145077	     3970.5789	     21.260000
          5.02	        Sample	             1	     2.4919225	    0.42724960	     18510.000	     7428.0000	   0.029825039	  0.0053963313	     101.61952	     78.999001	     3975.6018	     21.260000
         10.68	        Sample	             1	     2.5399891	    0.43502651	     18674.000	     7352.0000	   0.026160621	  0.0046075527	     86.740994	     67.583866	     3981.2577	     21.260000
         16.35	        Sample	             1	     2.4734014	    0.42419554	     18412.000	     7444.0000	   0.030902252	  0.0055212192	     101.52106	     83.456891	     3986.9380	     21.260000
         22.00	        Sample	             1	     2.4683203	    0.42335199	     18310.000	     7418.0000	   0.026513010	  0.0050852580	     98.847038	     68.884342	     3992.5834	     21.260000
         27.66	        Sample	             1	     2.4785596	    0.42504939	     18034.000	     7276.0000	   0.025319390	  0.0044501622	     78.965682	     67.152615	     3998.2435	     21.260000
         33.33	        Sample	             1	     2.4713081	    0.42384832	     18174.000	     7354.0000	   0.026200605	  0.0053432513	     107.66322	     64.659432	     4003.9139	     21.260000
         39.01	        Sample	             1	     2.4397509	    0.41856254	     18020.000	     7386.0000	   0.026973993	  0.0051543378	     97.587747	     71.192844	     4009.5930	     21.260000
         44.66	        Sample	             1	     2.4639092	    0.42261765	     18228.000	     7398.0000	   0.022244287	  0.0049885852	     106.11216	     51.050027	     4015.2447	     21.260000
         50.35	        Sample	             1	     2.4832288	    0.42582009	     18212.000	     7334.0000	   0.027257965	  0.0061104361	     129.93602	     61.179632	     4020.9309	     21.260000
         56.02	        Sample	             1	     2.5324213	    0.43381613	     18512.000	     7310.0000	   0.026473452	  0.0059531593	     129.00918	     56.959820	     4026.5976	     21.273300
         61.77	        Sample	             1	     2.4954004	    0.42781949	     18446.000	     7392.0000	   0.029124807	  0.0055689535	     109.46280	     74.291035	     4032.3553	     21.273300
         67.46	        Sample	             1	     2.4661130	    0.42298477	     18412.000	     7466.0000	   0.019702157	  0.0035970385	     67.365460	     53.024324	     4038.0442	     21.273300
         73.14	        Sample	             1	     2.4890333	    0.42677532	     18384.000	     7386.0000	   0.021798091	  0.0046580940	     97.704172	     51.411651	     4043.7185	     21.276600
         78.80	        Sample	             1	     2.5045650	    0.42931576	     18654.000	     7448.0000	   0.030237448	  0.0058714430	     118.21390	     76.535509	     4049.3867	     21.276600
         84.46	        Sample	             1	     2.5179004	    0.43147907	     18708.000	     7430.0000	   0.026219472	  0.0056071500	     119.96842	     60.959003	     4055.0431	     21.276600
         90.16	        Sample	             1	     2.5055940	    0.42948328	     18812.000	     7508.0000	   0.025774780	  0.0043013850	     76.000000	     71.028534	     4060.7412	     21.270000
         95.92	        Sample	             1	     2.4629196	    0.42245266	     18930.000	     7686.0000	   0.033517075	  0.0060849902	     116.41215	     93.307641	     4066.5053	     21.270000
        101.61	        Sample	             1	     2.4215087	    0.41546254	     19004.000	     7848.0000	   0.024603412	  0.0052174537	     111.86834	     64.992307	     4072.1909	     21.280000
        107.27	        Sample	             1	     2.4266255	    0.41633541	     18884.000	     7782.0000	   0.024044043	  0.0040223772	     68.185505	     71.805292	     4077.8527	     21.280000
        112.96	        Sample	             1	     2.3899743	    0.41002502	     18594.000	     7780.0000	   0.024448058	  0.0048075839	     94.900502	     68.971390	     4083.5419	     21.283300
        118.65	        Sample	             1	     2.4133333	    0.41406250	     18824.000	     7800.0000	   0.023738871	  0.0051987144	     112.41277	     60.967636	     4089.2304	     21.283300
        124.31	        Sample	             1	     2.3828045	    0.40877458	     18624.000	     7816.0000	   0.029811615	  0.0059552411	     119.07008	     84.055120	     4094.8889	     21.286600
        129.97	        Sample	             1	     2.3763771	    0.40764911	     18550.000	     7806.0000	   0.021892723	  0.0043979768	     87.840765	     61.686815	     4100.5493	     21.286600
        135.66	        Sample	             1	     2.3424380	    0.40163438	     18524.000	     7908.0000	   0.026009525	  0.0052421513	     103.86631	     75.789181	     4106.2419	     21.290000
        141.43	        Sample	             1	     2.3478372	    0.40259939	     18346.000	     7814.0000	   0.024342779	  0.0056840304	     123.38643	     61.659506	     4112.0085	     21.290000
        147.09	        Sample	             1	     2.3500128	    0.40298736	     18316.000	     7794.0000	   0.022478885	  0.0040652461	     71.052242	     68.146900	     4117.6735	     21.290000
        152.78	        Sample	             1	     2.3305128	    0.39949188	     18178.000	     7800.0000	   0.022840935	  0.0045803187	     88.328335	     66.389600	     4123.3601	     21.293300
        158.45	        Sample	             1	     2.3494801	    0.40289241	     18528.000	     7886.0000	   0.025026844	  0.0048467613	     92.752075	     74.147790	     4129.0345	     21.293300
        164.12	        Sample	             1	     2.3288196	    0.39918643	     18230.000	     7828.0000	   0.022406229	  0.0048756783	     100.57833	     61.702171	     4134.7069	     21.293300
        169.90	        Sample	             1	     2.3255933	    0.39860354	     18228.000	     7838.0000	   0.026633001	  0.0052261956	     98.796974	     79.072252	     4140.4788	     21.306600
        175.57	        Sample	             1	     2.3322242	    0.39980029	     18224.000	     7814.0000	   0.024025973	  0.0058948134	     130.18529	     58.000000	     4146.1456	     21.300000
        181.23	        Sample	             1	     2.3087265	    0.39553784	     18202.000	     7884.0000	   0.021707855	  0.0051690224	     112.19813	     55.977439	     4151.8145	     21.300000
        189.84	        Sample	             1	     2.2780439	    0.38988004	     18074.000	     7934.0000	   0.020077552	  0.0048393845	     104.76942	     52.673773	     4160.4222	     21.300000
        195.51	        Sample	             1	     2.2668518	    0.38778980	     17958.000	     7922.0000	   0.027155051	  0.0065466116	     140.71322	     71.781833	     4166.0924	     21.313300
        201.18	        Sample	             1	     2.2927075	    0.39259713	     18172.000	     7926.0000	   0.028775258	  0.0055924458	     102.82330	     88.794262	     4171.7582	     21.313300
        206.85	        Sample	             1	     2.2847682	    0.39112903	     17940.000	     7852.0000	   0.023454067	  0.0052696669	     108.54444	     65.115282	     4177.4243	     21.316600
        212.54	        Sample	             1	     2.3171414	    0.39707123	     18222.000	     7864.0000	   0.025744995	  0.0054725501	     110.68685	     73.160242	     4183.1172	     21.310000
        218.32	        Sample	             1	     2.3113328	    0.39601360	     18070.000	     7818.0000	   0.030822603	  0.0061319144	     115.87561	     91.411159	     4188.8990	     21.310000
        223.98	        Sample	             1	     2.3033821	    0.39455990	     18252.000	     7924.0000	   0.019825895	  0.0044554306	     93.651088	     54.760724	     4194.5620	     21.320000
        229.65	        Sample	             1	     2.2931604	    0.39268067	     18038.000	     7866.0000	   0.017368210	  0.0038088411	     77.664596	     49.013425	     4200.2326	     21.320000
        235.33	        Sample	             1	     2.3217104	    0.39790054	     18244.000	     7858.0000	   0.025135513	  0.0052883161	     106.34997	     71.687920	     4205.9097	     21.323300
        240.98	        Sample	             1	     2.2975102	    0.39348178	     18086.000	     7872.0000	   0.022989878	  0.0048506622	     96.344776	     66.680700	     4211.5654	     21.326600
        246.65	        Sample	             1	     2.2720181	    0.38875644	     18058.000	     7948.0000	   0.019489570	  0.0045935858	     98.034366	     52.787558	     4217.2338	     21.330000
        252.33	        Sample	             1	     2.3087452	    0.39554125	     18216.000	     7890.0000	   0.025322986	  0.0054907945	     112.48017	     71.523276	     4222.9145	     21.330000
        258.02	        Sample	             1	     2.3366590	    0.40059802	     18268.000	     7818.0000	   0.021718497	  0.0048042532	     100.52075	     58.563506	     4228.5992	     21.330000
        263.78	        Sample	             1	     2.3109926	    0.39595154	     18206.000	     7878.0000	   0.024874855	  0.0059846469	     130.65906	     63.197268	     4234.3618	     21.333300
        269.46	        Sample	             1	     2.3180784	    0.39724148	     18336.000	     7910.0000	   0.023158837	  0.0044065049	     80.754338	     70.932140	     4240.0445	     21.333300
        275.12	        Sample	             1	     2.3320717	    0.39977281	     18484.000	     7926.0000	   0.025759044	  0.0051149547	     99.434189	     76.462581	     4245.7032	     21.346600
        280.82	        Sample	             1	     2.2923347	    0.39252834	     18302.000	     7984.0000	   0.025018823	  0.0046351460	     80.674786	     79.715283	     4251.4023	     21.346600
        286.49	        Sample	             1	     2.3454591	    0.40217473	     18698.000	     7972.0000	   0.027210829	  0.0053650869	     105.28258	     80.863758	     4257.0663	     21.340000
        292.16	        Sample	             1	     2.3827098	    0.40875803	     18852.000	     7912.0000	   0.023037061	  0.0047152810	     97.267942	     64.693610	     4262.7373	     21.340000
        297.84	        Sample	             1	     2.3778286	    0.40790365	     18704.000	     7866.0000	   0.027052360	  0.0066263225	     150.18865	     63.396829	     4268.4183	     21.340000
        303.50	        Sample	             1	     2.3393711	    0.40108483	     18598.000	     7950.0000	   0.023860216	  0.0053411374	     114.66289	     64.594280	     4274.0823	     21.353300
        309.20	        Sample	             1	     2.4019507	    0.41210201	     18716.000	     7792.0000	   0.024756374	  0.0054271264	     116.61543	     63.973679	     4279.7807	     21.356600
        314.87	        Sample	             1	     2.3864329	    0.40940806	     18786.000	     7872.0000	   0.020282897	  0.0035663846	     62.930204	     61.490265	     4285.4492	     21.350000
        320.63	        Sample	             1	     2.3459230	    0.40225761	     18758.000	     7996.0000	   0.026748315	  0.0062339604	     138.20732	     69.579186	     4291.2075	     21.350000
        326.30	        Sample	             1	     2.3169698	    0.39704004	     18596.000	     8026.0000	   0.019418742	  0.0055522282	     132.78871	     35.216623	     4296.8839	     21.360000
        331.98	        Sample	             1	     2.3468266	    0.40241899	     18784.000	     8004.0000	   0.025367018	  0.0053341467	     111.01825	     72.437269	     4302.5595	     21.360000
        337.64	        Sample	             1	     2.3614856	    0.40502497	     18566.000	     7862.0000	   0.021083474	  0.0050943630	     113.88914	     51.000516	     4308.2209	     21.363300
        343.32	        Sample	             1	     2.3781170	    0.40795420	     18692.000	     7860.0000	   0.022446459	  0.0054853119	     124.12218	     52.723709	     4313.9076	     21.366600
        349.00	        Sample	             1	     2.3925588	    0.41047449	     18906.000	     7902.0000	   0.022102196	  0.0051739376	     116.15869	     54.512191	     4319.5815	     21.370000
        354.68	        Sample	             1	     2.3658597	    0.40579818	     18960.000	     8014.0000	   0.022964518	  0.0046731234	     96.140248	     66.330909	     4325.2651	     21.370000
        360.34	        Sample	             1	     2.3321581	    0.39978839	     18522.000	     7942.0000	   0.021585535	  0.0046967121	     98.488578	     60.166436	     4330.9214	     21.370000
        366.02	        Sample	             1	     2.3627544	    0.40524945	     18995.600	     8039.6000	   0.026357216	  0.0058738196	     128.79604	     71.216497	     4336.6030	     21.373300
        374.76	        Sample	             1	     2.3530986	    0.40353678	     18635.600	     7919.6000	   0.021179165	  0.0046694371	     99.678430	     57.328233	     4345.3406	     21.373300
        380.43	        Sample	             1	     2.3084437	    0.39548615	     18623.600	     8067.6000	   0.021034135	  0.0048005746	     104.04351	     58.072550	     4351.0154	     21.386600
        386.21	        Sample	             1	     2.3426808	    0.40167785	     18679.600	     7973.6000	   0.022833432	  0.0047550013	     97.603926	     65.604878	     4356.7903	     21.380000
        391.87	        Sample	             1	     2.3126277	    0.39624970	     18555.600	     8023.6000	   0.021866620	  0.0045761105	     92.991228	     64.333015	     4362.4509	     21.380000
        397.55	        Sample	             1	     2.3758897	    0.40756359	     18825.600	     7923.6000	   0.023661985	  0.0044754852	     85.839508	     70.156217	     4368.1316	     21.393300
        403.21	        Sample	             1	     2.3191511	    0.39743628	     18663.600	     8047.6000	   0.023182967	  0.0049625753	     103.39398	     66.962676	     4373.7954	     21.393300
        408.88	        Sample	             1	     2.3459988	    0.40227115	     18621.600	     7937.6000	   0.022037055	  0.0045756687	     93.489093	     63.018794	     4379.4588	     21.396600
        414.54	        Sample	             1	     2.3211828	    0.39780490	     18619.600	     8021.6000	   0.021372132	  0.0044099676	     89.078322	     63.105592	     4385.1251	     21.396600
        420.21	        Sample	             1	     2.3009898	    0.39412112	     18411.600	     8001.6000	   0.024632931	  0.0057800211	     125.79934	     65.944155	     4390.7947	     21.390000
        425.90	        Sample	             1	     2.3385669	    0.40094057	     18707.600	     7999.6000	   0.026573440	  0.0050686988	     95.959421	     81.112008	     4396.4776	     21.390000
        431.56	        Sample	             1	     2.3462410	    0.40231442	     18637.600	     7943.6000	   0.017851239	  0.0043085435	     96.599008	     44.245725	     4402.1438	     21.403300
        437.24	        Sample	             1	     2.2733962	    0.38901377	     18413.600	     8099.6000	   0.023341011	  0.0052801313	     111.94359	     67.012960	     4407.8176	     21.403300
        442.92	        Sample	             1	     2.2892237	    0.39195380	     18413.600	     8043.6000	   0.021494051	  0.0045680906	     92.729374	     63.741253	     4413.4993	     21.403300
        448.59	        Sample	             1	     2.3226149	    0.39806446	     18375.600	     7911.6000	   0.025043544	  0.0048075382	     89.389744	     76.131465	     4419.1748	     21.406600
        454.29	        Sample	             1	     2.3113512	    0.39601696	     18309.600	     7921.6000	   0.029167298	  0.0054802547	     98.404108	     90.444516	     4424.8717	     21.410000
        460.04	        Sample	             1	     2.2477249	    0.38418430	     18277.600	     8131.6000	   0.023514733	  0.0053573759	     112.80538	     68.688465	     4430.6256	     21.410000
        465.72	        Sample	             1	     2.2892298	    0.39195493	     18381.600	     8029.6000	   0.018759286	  0.0039296574	     78.667856	     56.112669	     4436.2988	     21.410000
        471.40	        Sample	             1	     2.2715883	    0.38867614	     18203.600	     8013.6000	   0.021724477	  0.0046277055	     92.610105	     64.895057	     4441.9827	     21.413300
        477.18	        Sample	             1	     2.3093003	    0.39564264	     18205.600	     7883.6000	   0.025393572	  0.0063769291	     142.14892	     61.041832	     4447.7561	     21.413300
        482.84	        Sample	             1	     2.2786050	    0.38998446	     18241.600	     8005.6000	   0.025578044	  0.0054561366	     109.75187	     75.866919	     4453.4241	     21.426600
        488.53	        Sample	             1	     2.3017333	    0.39425755	     18219.600	     7915.6000	   0.023266950	  0.0054955881	     118.81077	     61.138325	     4459.1086	     21.420000
        494.20	        Sample	             1	     2.2807219	    0.39037807	     18299.600	     8023.6000	   0.026898899	  0.0055794386	     109.93874	     81.433214	     4464.7830	     21.420000
        499.98	        Sample	             1	     2.2890976	    0.39193049	     18325.600	     8005.6000	   0.021216414	  0.0047481013	     99.704828	     60.070134	     4470.5633	     21.420000
        505.76	        Sample	             1	     2.2612929	    0.38674628	     18021.600	     7969.6000	   0.023048416	  0.0054270358	     115.38129	     63.205596	     4476.3366	     21.433300
        511.43	        Sample	             1	     2.2746903	    0.38925522	     18287.600	     8039.6000	   0.022512236	  0.0042659043	     75.698849	     72.272875	     4482.0119	     21.436600
        517.10	        Sample	             1	     2.2957868	    0.39316464	     18025.600	     7851.6000	   0.024009768	  0.0057375929	     123.45892	     62.054306	     4487.6827	     21.436600
        522.76	        Sample	             1	     2.2531166	    0.38520494	     18073.600	     8021.6000	   0.021727934	  0.0051041657	     108.56383	     60.517070	     4493.3426	     21.430000
        528.44	        Sample	             1	     2.2808813	    0.39040770	     18095.600	     7933.6000	   0.022399185	  0.0056656002	     125.88633	     54.990908	     4499.0273	     21.440000
        534.12	        Sample	             1	     2.2813778	    0.39049994	     18067.600	     7919.6000	   0.025819113	  0.0048142191	     82.868317	     81.938359	     4504.7044	     21.440000
        539.78	        Sample	             1	     2.2683438	    0.38806928	     18177.600	     8013.6000	   0.019144723	  0.0042614694	     88.095642	     55.372423	     4510.3664	     21.443300
        545.45	        Sample	             1	     2.3035068	    0.39458276	     18339.600	     7961.6000	   0.020279975	  0.0043720703	     89.690697	     58.284240	     4516.0334	     21.446600
        551.12	        Sample	             1	     2.2283031	    0.38047948	     18126.800	     8134.8000	   0.020896720	  0.0050334425	     108.74499	     58.635358	     4521.7059	     21.450000
        559.85	        Sample	             1	     2.2890644	    0.39192435	     18428.800	     8050.8000	   0.018624514	  0.0046735169	     105.37552	     46.600203	     4530.4289	     21.450000
        565.51	        Sample	             1	     2.3377237	    0.40078923	     18600.800	     7956.8000	   0.021000771	  0.0048947056	     107.54681	     54.706874	     4536.0908	     21.450000
        571.20	        Sample	             1	     2.2822469	    0.39066133	     18542.800	     8124.8000	   0.016855028	  0.0035930107	     73.497583	     50.629719	     4541.7768	     21.453300
        576.96	        Sample	             1	     2.2939297	    0.39282250	     18380.800	     8012.8000	   0.018667504	  0.0040277347	     82.691564	     54.336185	     4547.5426	     21.453300
        582.63	        Sample	             1	     2.2721342	    0.38877813	     18528.800	     8154.8000	   0.026046570	  0.0055462391	     112.95458	     79.168042	     4553.2137	     21.466600
        588.32	        Sample	             1	     2.3280272	    0.39904338	     18602.800	     7990.8000	   0.025749240	  0.0047292942	     84.578210	     80.570335	     4558.8985	     21.460000
        594.07	        Sample	             1	     2.2945297	    0.39293309	     18472.800	     8050.8000	   0.021193083	  0.0049733805	     108.54444	     57.372284	     4564.6510	     21.460000
        599.75	        Sample	             1	     2.2995947	    0.39386496	     18384.800	     7994.8000	   0.023943230	  0.0049419523	     97.975292	     71.511501	     4570.3299	     21.460000
        605.43	        Sample	             1	     2.3202995	    0.39764471	     18466.800	     7958.8000	   0.025133531	  0.0047942126	     88.841669	     77.240567	     4576.0174	     21.473300
        611.11	        Sample	             1	     2.2912665	    0.39233119	     18322.800	     7996.8000	   0.021423253	  0.0042056050	     78.805557	     66.389600	     4581.6874	     21.473300
        616.77	        Sample	             1	     2.2773197	    0.38974522	     18338.800	     8052.8000	   0.023970480	  0.0051468194	     104.60854	     71.235710	     4587.3492	     21.476600
        622.45	        Sample	             1	     2.2760443	    0.38950764	     18264.800	     8024.8000	   0.023782917	  0.0051822723	     106.10422	     69.700109	     4593.0359	     21.470000
        628.12	        Sample	             1	     2.2532416	    0.38522856	     18072.800	     8020.8000	   0.021700258	  0.0051011790	     108.54444	     60.384731	     4598.7041	     21.470000
        633.79	        Sample	             1	     2.2619446	    0.38686881	     18368.800	     8120.8000	   0.024418724	  0.0050883827	     100.44532	     75.588916	     4604.3755	     21.480000
        639.47	        Sample	             1	     2.2647412	    0.38739401	     18128.800	     8004.8000	   0.022947413	  0.0048334761	     95.193985	     69.367063	     4610.0544	     21.480000
        645.16	        Sample	             1	     2.2442669	    0.38352791	     18202.800	     8110.8000	   0.017126645	  0.0039693248	     84.179007	     49.236272	     4615.7378	     21.483300
        650.82	        Sample	             1	     2.2526639	    0.38511938	     18180.800	     8070.8000	   0.023705905	  0.0053251031	     110.50125	     69.335189	     4621.3956	     21.486600
        656.49	        Sample	             1	     2.2730746	    0.38895374	     18322.800	     8060.8000	   0.020362893	  0.0041782883	     81.381493	     62.710697	     4627.0775	     21.490000
        662.26	        Sample	             1	     2.2328666	    0.38135399	     18114.800	     8112.8000	   0.018776004	  0.0041906006	     85.852996	     56.352275	     4632.8423	     21.490000
        667.93	        Sample	             1	     2.3161379	    0.39688877	     18192.800	     7854.8000	   0.023634272	  0.0042451550	     71.324315	     74.000000	     4638.5124	     21.490000
        673.61	        Sample	             1	     2.2802429	    0.39028906	     18170.800	     7968.8000	   0.021050132	  0.0049423434	     105.98411	     57.020772	     4644.1938	     21.493300
        679.38	        Sample	             1	     2.2393141	    0.38258535	     18126.800	     8094.8000	   0.020784548	  0.0045608402	     92.373384	     62.796245	     4649.9647	     21.493300
        685.05	        Sample	             1	     2.2602402	    0.38654827	     17988.800	     7958.8000	   0.021423560	  0.0057089762	     129.08096	     49.287556	     4655.6278	     21.506600
        690.71	        Sample	             1	     2.2625019	    0.38697353	     18006.800	     7958.8000	   0.023525822	  0.0054505492	     114.62617	     65.436188	     4661.2990	     21.500000
        696.47	        Sample	             1	     2.2642557	    0.38730290	     18106.800	     7996.8000	   0.018715488	  0.0043602127	     92.555531	     51.943289	     4667.0551	     21.500000
        702.16	        Sample	             1	     2.2264151	    0.38011696	     17888.800	     8034.8000	   0.023418272	  0.0053333009	     109.43299	     68.749737	     4672.7404	     21.500000
        707.82	        Sample	             1	     2.1929257	    0.37361525	     17904.800	     8164.8000	   0.022043853	  0.0051677683	     107.71893	     65.752326	     4678.4073	     21.500000
        713.60	        Sample	             1	     2.2202558	    0.37893133	     17914.800	     8068.8000	   0.026163458	  0.0052683705	     95.994517	     84.683932	     4684.1855	     21.513300
        719.38	        Sample	             1	     2.2031067	    0.37560619	     18040.800	     8188.8000	   0.025321502	  0.0049284670	     85.372250	     85.770808	     4689.9604	     21.516600
        725.06	        Sample	             1	     2.2487253	    0.38437392	     17640.800	     7844.8000	   0.024527403	  0.0053171154	     104.00405	     71.988303	     4695.6441	     21.516600
        730.82	        Sample	             1	     2.1762368	    0.37032403	     17524.800	     8052.8000	   0.024073363	  0.0056604796	     115.36304	     71.589473	     4701.4088	     21.510000
        736.50	        Sample	             1	     2.2515838	    0.38491513	     17770.400	     7892.4000	   0.025034412	  0.0054779502	     108.85432	     73.233584	     4707.0786	     21.510000
        745.12	        Sample	             1	     2.2256400	    0.37996801	     17770.400	     7984.4000	   0.026127698	  0.0054794240	     103.90684	     81.277951	     4715.7042	     21.520000
        750.79	        Sample	             1	     2.2173519	    0.37837077	     17624.400	     7948.4000	   0.020147719	  0.0045828242	     92.382500	     58.993309	     4721.3726	     21.523300
        756.46	        Sample	             1	     2.1904762	    0.37313433	     17498.400	     7988.4000	   0.018820840	  0.0041731363	     81.196318	     57.767228	     4727.0424	     21.523300
        762.12	        Sample	             1	     2.1970125	    0.37441596	     17414.400	     7926.4000	   0.026545620	  0.0055039020	     99.751270	     84.325185	     4732.7039	     21.526600
        767.80	        Sample	             1	     2.1831735	    0.37169621	     17396.400	     7968.4000	   0.027148822	  0.0061143595	     119.65829	     82.552694	     4738.3844	     21.530000
        773.47	        Sample	             1	     2.1940261	    0.37383104	     17364.400	     7914.4000	   0.017624151	  0.0045139150	     96.528152	     45.892322	     4744.0545	     21.530000
        779.13	        Sample	             1	     2.1799909	    0.37106738	     17266.400	     7920.4000	   0.022613921	  0.0047775856	     87.003932	     71.817019	     4749.7123	     21.530000
        784.80	        Sample	             1	     2.1461911	    0.36431072	     16994.400	     7918.4000	   0.023459733	  0.0054399403	     105.55517	     71.223887	     4755.3822	     21.530000
        790.48	        Sample	             1	     2.1739197	    0.36986434	     16944.400	     7794.4000	   0.014943359	  0.0039541598	     83.878358	     37.173845	     4761.0592	     21.533300
        796.17	        Sample	             1	     2.8672587	    0.48283781	     19630.400	     6846.4000	   0.050158683	   0.012513551	     291.57431	     63.272177	     4766.7500	     21.546600
        816.57	        Sample	             1	     3.0204032	    0.50253746	     20014.400	     6626.4000	   0.031859772	  0.0059541822	     130.66953	     54.898950	     4787.1497	     21.540000
        822.25	        Sample	             1	     3.0716689	    0.50880092	     20452.400	     6658.4000	   0.031486801	  0.0049804497	     104.82567	     59.109176	     4792.8316	     21.553300
        828.03	        Sample	             1	     3.0220610	    0.50274250	     20164.400	     6672.4000	   0.028935717	  0.0046487073	     96.789517	     55.279196	     4798.6062	     21.553300
        833.69	        Sample	             1	     2.9953757	    0.49942129	     19950.400	     6660.4000	   0.031813532	  0.0055739693	     119.10544	     58.505960	     4804.2753	     21.556600
        839.37	        Sample	             1	     3.0743771	    0.50912742	     20138.400	     6550.4000	   0.032294227	  0.0051542043	     107.28810	     59.301194	     4809.9544	     21.550000
        845.06	        Sample	             1	     3.0474506	    0.50586179	     19986.400	     6558.4000	   0.034751428	  0.0049995031	     97.198657	     67.646138	     4815.6436	     21.550000
        850.73	        Sample	             1	     3.0512899	    0.50633006	     20060.400	     6574.4000	   0.031644206	  0.0045202736	     87.850351	     61.804445	     4821.3152	     21.560000
        856.40	        Sample	             1	     3.1001168	    0.51220902	     20164.400	     6504.4000	   0.029931841	  0.0043533347	     86.692439	     56.230728	     4826.9812	     21.560000
        862.08	        Sample	             1	     3.0543816	    0.50670652	     20062.400	     6568.4000	   0.031169596	  0.0047864858	     97.202989	     58.993309	     4832.6638	     21.563300
        867.75	        Sample	             1	     3.0964348	    0.51177057	     20010.400	     6462.4000	   0.032122556	  0.0044177740	     84.160248	     61.284496	     4838.3319	     21.566600
        873.43	        Sample	             1	     3.0550912	    0.50679284	     20030.400	     6556.4000	   0.026256846	  0.0036027588	     67.969033	     51.770750	     4844.0138	     21.566600
        879.13	        Sample	             1	     3.0475085	    0.50586886	     19962.400	     6550.4000	   0.033125620	  0.0060962528	     132.77603	     56.314904	     4849.7125	     21.570000
        884.90	        Sample	             1	     3.0858933	    0.51051096	     20090.400	     6510.4000	   0.035068733	  0.0052148738	     104.59345	     65.765132	     4855.4786	     21.570000
        890.57	        Sample	             1	     3.0238819	    0.50296752	     19904.400	     6582.4000	   0.038562843	  0.0062068349	     127.69948	     72.547625	     4861.1516	     21.570000
        896.25	        Sample	             1	     3.1073892	    0.51307269	     20000.400	     6436.4000	   0.039670621	  0.0059880092	     120.82088	     72.389298	     4866.8339	     21.573300
        901.93	        Sample	             1	     3.0564614	    0.50695944	     20094.400	     6574.4000	   0.030003444	  0.0046249530	     94.282889	     56.687509	     4872.5088	     21.573300
        907.62	        Sample	             1	     3.0608419	    0.50749129	     19982.400	     6528.4000	   0.029609519	  0.0051573752	     110.34873	     51.852016	     4878.2027	     21.586600
        913.28	        Sample	             1	     3.1055542	    0.51285505	     20218.400	     6510.4000	   0.035136491	  0.0047216339	     89.532117	     67.782935	     4883.8642	     21.586600
        918.97	        Sample	             1	     3.0559869	    0.50690176	     20152.400	     6594.4000	   0.044794974	  0.0058827860	     107.67886	     90.010526	     4889.5520	     21.580000
        924.64	        Sample	             1	     3.0254838	    0.50316531	     20135.200	     6655.2000	   0.034297716	  0.0051089724	     101.94322	     67.502826	     4895.2195	     21.580000
        933.28	        Sample	             1	     3.0492200	    0.50607771	     20171.200	     6615.2000	   0.033717340	  0.0051150037	     103.68373	     64.765163	     4903.8637	     21.593300
        938.95	        Sample	             1	     3.0967940	    0.51181338	     20207.200	     6525.2000	   0.033919191	  0.0042547986	     75.778069	     67.151047	     4909.5301	     21.593300
        944.62	        Sample	             1	     3.0331478	    0.50410943	     20277.200	     6685.2000	   0.036390830	  0.0053316662	     106.15877	     72.167933	     4915.2047	     21.596600
        950.30	        Sample	             1	     3.0555690	    0.50685095	     20213.200	     6615.2000	   0.029153078	  0.0046144394	     95.889190	     54.760724	     4920.8867	     21.596600
        955.97	        Sample	             1	     3.0970113	    0.51183927	     20227.200	     6531.2000	   0.024849499	  0.0043364815	     94.050378	     42.708313	     4926.5509	     21.590000
        961.65	        Sample	             1	     3.0843864	    0.51033036	     20015.200	     6489.2000	   0.034638254	  0.0048973999	     94.883863	     66.063765	     4932.2355	     21.590000
        967.32	        Sample	             1	     3.0456322	    0.50563968	     20263.200	     6653.2000	   0.034488013	  0.0052775954	     107.93760	     66.483081	     4937.9015	     21.600000
        972.99	        Sample	             1	     3.0572100	    0.50705042	     20285.200	     6635.2000	   0.027798824	  0.0046513085	     99.450067	     50.812348	     4943.5765	     21.603300
        978.64	        Sample	             1	     3.0179439	    0.50223298	     20115.200	     6665.2000	   0.039392007	  0.0061100861	     124.56577	     76.583632	     4949.2258	     21.606600
        984.31	        Sample	             1	     3.0694344	    0.50853121	     20317.200	     6619.2000	   0.031264372	  0.0047639619	     97.733257	     59.428861	     4954.8965	     21.606600
        990.01	        Sample	             1	     3.0616488	    0.50758914	     20143.200	     6579.2000	   0.031020842	  0.0050739878	     106.72148	     56.821049	     4960.5888	     21.606600
        995.66	        Sample	             1	     3.1140960	    0.51386648	     20077.200	     6447.2000	   0.028278043	  0.0037332951	     69.480781	     54.126557	     4966.2455	     21.606600
       1001.35	        Sample	             1	     3.0381721	    0.50472641	     20025.200	     6591.2000	   0.028761690	  0.0040772460	     78.484326	     56.798814	     4971.9341	     21.610000
       1007.02	        Sample	             1	     2.9913471	    0.49891605	     20189.200	     6749.2000	   0.024927647	  0.0034715418	     65.744321	     51.770750	     4977.6041	     21.610000
       1012.69	        Sample	             1	     3.0787440	    0.50965297	     20237.200	     6573.2000	   0.037293877	  0.0064043847	     138.11589	     65.782736	     4983.2742	     21.610000
       1018.36	        Sample	             1	     3.0423559	    0.50523902	     20083.200	     6601.2000	   0.035587236	  0.0049424167	     94.077236	     70.753836	     4988.9392	     21.613300
       1024.03	        Sample	             1	     2.9697687	    0.49619231	     20079.200	     6761.2000	   0.032737250	  0.0056731463	     121.32254	     62.338634	     4994.6091	     21.613300
       1029.71	        Sample	             1	     3.0607356	    0.50747839	     20339.200	     6645.2000	   0.023868134	  0.0038456002	     81.118497	     44.530297	     5000.2942	     21.626600
       1035.39	        Sample	             1	     2.9806964	    0.49757534	     20135.200	     6755.2000	   0.032565254	  0.0051135252	     104.59345	     64.927490	     5005.9701	     21.620000
       1041.16	        Sample	             1	     3.0888118	    0.51086034	     20297.200	     6571.2000	   0.031599399	  0.0042220571	     79.698115	     62.076354	     5011.7448	     21.620000
       1046.83	        Sample	             1	     2.9873675	    0.49841594	     19959.200	     6681.2000	   0.028512058	  0.0058678045	     132.15302	     45.926715	     5017.4094	     21.620000
       1052.50	        Sample	             1	     3.0647390	    0.50796348	     20053.200	     6543.2000	   0.026977071	  0.0050433847	     110.87689	     44.815411	     5023.0763	     21.620000
       1058.18	        Sample	             1	     3.0722159	    0.50886690	     20403.200	     6641.2000	   0.032173363	  0.0055518721	     120.90884	     57.342920	     5028.7580	     21.633300
       1063.83	        Sample	             1	     3.0104360	    0.50130111	     20077.200	     6669.2000	   0.037307353	  0.0062365766	     131.59027	     70.144212	     5034.4179	     21.633300
       1069.50	        Sample	             1	     3.0041236	    0.50051492	     20107.200	     6693.2000	   0.040079044	  0.0062311462	     126.93637	     78.666518	     5040.0841	     21.636600
       1075.18	        Sample	             1	     3.0463649	    0.50572920	     20079.200	     6591.2000	   0.033208897	  0.0052159435	     107.17030	     62.650240	     5045.7651	     21.636600
       1080.87	        Sample	             1	     3.0241439	    0.50299988	     20241.200	     6693.2000	   0.039692769	  0.0058118821	     115.29276	     79.146766	     5051.4481	     21.630000
       1086.54	        Sample	             1	     3.0546571	    0.50674004	     20097.200	     6579.2000	   0.031969797	  0.0049306282	     100.53646	     60.482272	     5057.1224	     21.640000
       1092.21	        Sample	             1	     3.0649217	    0.50798561	     20281.200	     6617.2000	   0.037077212	  0.0060451367	     127.86424	     68.319682	     5062.7901	     21.640000
       1097.89	        Sample	             1	     2.9856701	    0.49820232	     20085.200	     6727.2000	   0.032282527	  0.0041490432	     72.167933	     68.604128	     5068.4710	     21.643300
       1103.55	        Sample	             1	     3.0149030	    0.50185597	     20149.200	     6683.2000	   0.031653675	  0.0051156066	     106.67314	     60.593555	     5074.1303	     21.646600
       1109.22	        Sample	             1	     2.9799742	    0.49748417	     20297.200	     6811.2000	   0.030535584	  0.0052046103	     111.76950	     58.859333	     5079.8018	     21.650000
       1117.84	        Sample	             1	     3.0786450	    0.50964106	     20575.200	     6683.2000	   0.035765769	  0.0053411020	     109.87074	     68.953073	     5088.4262	     21.650000
       1123.51	        Sample	             1	     3.0177733	    0.50221183	     20307.200	     6729.2000	   0.040230107	  0.0053335180	     98.048323	     83.616921	     5094.0953	     21.650000
       1129.30	        Sample	             1	     3.0175858	    0.50218861	     20179.200	     6687.2000	   0.036728272	  0.0062002772	     132.10522	     68.616401	     5099.8769	     21.650000
       1134.97	        Sample	             1	     3.0346320	    0.50429185	     20469.200	     6745.2000	   0.034548346	  0.0058238011	     125.89971	     64.620349	     5105.5490	     21.653300
       1140.61	        Sample	             1	     3.0772889	    0.50947797	     20449.200	     6645.2000	   0.036971688	  0.0052754496	     104.92203	     72.191266	     5111.1946	     21.666600
       1146.31	        Sample	             1	     2.9756768	    0.49694100	     20357.200	     6841.2000	   0.027543191	  0.0049018591	     107.46750	     52.014168	     5116.8890	     21.666600
       1151.98	        Sample	             1	     3.0294170	    0.50365028	     20555.200	     6785.2000	   0.033094272	  0.0052906248	     112.09019	     64.228212	     5122.5647	     21.660000
       1157.76	        Sample	             1	     3.0260952	    0.50324076	     20363.200	     6729.2000	   0.024328202	  0.0040359501	     86.162637	     46.000000	     5128.3418	     21.660000
       1163.52	        Sample	             1	     3.0826367	    0.51012051	     20651.200	     6699.2000	   0.032647372	  0.0052634691	     112.92848	     60.760098	     5134.1004	     21.660000
       1169.20	        Sample	             1	     3.0640772	    0.50788336	     20447.200	     6673.2000	   0.038807699	  0.0056361031	     113.10359	     76.031849	     5139.7836	     21.660000
       1174.87	        Sample	             1	     3.0627302	    0.50772020	     20291.200	     6625.2000	   0.026937230	  0.0044610949	     95.030189	     49.321715	     5145.4487	     21.673300
       1180.55	        Sample	             1	     3.0070464	    0.50087925	     20313.200	     6755.2000	   0.029401206	  0.0043339010	     86.400536	     59.471355	     5151.1333	     21.676600
       1186.31	        Sample	             1	     3.0067484	    0.50084212	     20317.200	     6757.2000	   0.032865358	  0.0046842291	     91.235958	     67.338892	     5156.8910	     21.676600
       1191.98	        Sample	             1	     3.0091351	    0.50113929	     20291.200	     6743.2000	   0.029453042	  0.0046276003	     95.736480	     57.827329	     5162.5628	     21.670000
       1197.64	        Sample	             1	     3.0082016	    0.50102310	     20393.200	     6779.2000	   0.027648290	  0.0042583314	     87.562309	     55.090356	     5168.2272	     21.670000
       1203.30	        Sample	             1	     3.0152730	    0.50190187	     20453.200	     6783.2000	   0.032671394	  0.0055167830	     119.13637	     61.974528	     5173.8867	     21.680000
       1208.97	        Sample	             1	     2.9955170	    0.49943900	     20313.200	     6781.2000	   0.028498484	  0.0050363650	     109.94640	     53.056078	     5179.5511	     21.680000
       1214.63	        Sample	             1	     3.0284476	    0.50353083	     20397.200	     6735.2000	   0.027860220	  0.0044127623	     92.336912	     53.939537	     5185.2093	     21.680000
       1220.31	        Sample	             1	     2.9393025	    0.49229591	     20261.200	     6893.2000	   0.033739257	  0.0052501818	     106.87031	     70.276147	     5190.8861	     21.683300
       1225.97	        Sample	             1	     3.0495873	    0.50612251	     20393.200	     6687.2000	   0.031801097	  0.0053260575	     114.48650	     58.766263	     5196.5533	     21.686600
       1231.65	        Sample	             1	     3.0377763	    0.50467786	     20393.200	     6713.2000	   0.033683449	  0.0056779847	     122.31022	     62.608222	     5202.2352	     21.686600
       1237.33	        Sample	             1	     2.9792590	    0.49739386	     20167.200	     6769.2000	   0.041632188	  0.0067887610	     141.87021	     81.732555	     5207.9050	     21.690000
       1243.00	        Sample	             1	     3.0670341	    0.50824115	     20479.200	     6677.2000	   0.027604911	  0.0050776325	     113.43071	     47.370877	     5213.5807	     21.690000
       1248.67	        Sample	             1	     3.0186151	    0.50231611	     20367.200	     6747.2000	   0.028170446	  0.0046303959	     98.412665	     53.869237	     5219.2568	     21.690000
       1254.34	        Sample	             1	     2.9335374	    0.49155180	     20321.200	     6927.2000	   0.037888530	  0.0051376596	     93.820658	     83.557733	     5224.9216	     21.693300
       1260.03	        Sample	             1	     2.9966880	    0.49958565	     20267.200	     6763.2000	   0.033408091	  0.0056125214	     119.70490	     63.947347	     5230.6120	     21.693300
       1265.68	        Sample	             1	     3.0011221	    0.50014022	     20327.200	     6773.2000	   0.031035334	  0.0050690377	     107.06024	     60.278302	     5236.2623	     21.693300
       1271.36	        Sample	             1	     3.0055301	    0.50069030	     20435.200	     6799.2000	   0.040442622	  0.0059257542	     118.33939	     82.584566	     5241.9373	     21.706600
       1277.03	        Sample	             1	     2.9952249	    0.49940240	     20323.200	     6785.2000	   0.027769128	  0.0050898716	     112.67466	     50.419295	     5247.6111	     21.700000
       1282.69	        Sample	             1	     3.0211053	    0.50262432	     20269.200	     6709.2000	   0.026053281	  0.0042196364	     88.651892	     49.865081	     5253.2674	     21.700000
       1288.38	        Sample	             1	     2.9562813	    0.49447477	     20313.200	     6871.2000	   0.036902588	  0.0055987979	     112.74470	     76.826531	     5258.9669	     21.700000
       1294.05	        Sample	             1	     2.9487150	    0.49350612	     20560.800	     6972.8000	   0.037530895	  0.0063426329	     137.15608	     75.583345	     5264.6346	     21.713300
       1302.78	        Sample	             1	     2.9756211	    0.49693395	     20456.800	     6874.8000	   0.026705091	  0.0054408669	     125.30384	     45.094054	     5273.3636	     21.713300
       1308.46	        Sample	             1	     2.9307441	    0.49119049	     20464.800	     6982.8000	   0.028961666	  0.0051375928	     112.88000	     57.254740	     5279.0435	     21.716600
       1314.13	        Sample	             1	     3.0114306	    0.50142475	     20654.800	     6858.8000	   0.030039098	  0.0047547186	     100.54483	     59.716876	     5284.7118	     21.716600
       1319.79	        Sample	             1	     3.0353176	    0.50437606	     20660.800	     6806.8000	   0.031205969	  0.0050580326	     108.47847	     60.166436	     5290.3690	     21.710000
       1325.47	        Sample	             1	     2.9954022	    0.49942461	     20586.800	     6872.8000	   0.030820264	  0.0055251668	     122.90775	     57.593859	     5296.0509	     21.710000
       1331.14	        Sample	             1	     2.9521981	    0.49395249	     20602.800	     6978.8000	   0.027778633	  0.0042743154	     88.032291	     58.505960	     5301.7191	     21.720000
       1336.81	        Sample	             1	     3.0067473	    0.50084200	     20676.800	     6876.8000	   0.027672860	  0.0047570002	     104.58942	     52.875226	     5307.3960	     21.720000
       1342.49	        Sample	             1	     3.0229838	    0.50285656	     20570.800	     6804.8000	   0.034810222	  0.0050560878	     101.37061	     70.820752	     5313.0773	     21.723300
       1348.18	        Sample	             1	     2.9844257	    0.49804560	     20618.800	     6908.8000	   0.026561679	  0.0039484658	     80.024996	     55.334390	     5318.7672	     21.723300
       1353.85	        Sample	             1	     3.0158230	    0.50197008	     20660.800	     6850.8000	   0.036051104	  0.0048023359	     90.164761	     76.241997	     5324.4343	     21.726600
       1359.54	        Sample	             1	     3.0012208	    0.50015255	     20650.800	     6880.8000	   0.027424961	  0.0048921295	     108.97706	     51.331738	     5330.1210	     21.726600
       1365.20	        Sample	             1	     3.0232435	    0.50288866	     20602.800	     6814.8000	   0.034733030	  0.0052566217	     108.31824	     69.613973	     5335.7814	     21.730000
       1370.88	        Sample	             1	     2.9682145	    0.49599498	     20506.800	     6908.8000	   0.035482788	  0.0054867932	     113.09521	     73.275256	     5341.4592	     21.730000
       1376.54	        Sample	             1	     3.0263789	    0.50327576	     20696.800	     6838.8000	   0.030698973	  0.0044458435	     89.560330	     62.742582	     5347.1236	     21.730000
       1382.21	        Sample	             1	     2.9326747	    0.49144027	     20542.800	     7004.8000	   0.036487234	  0.0058873477	     124.01273	     76.204710	     5352.7882	     21.733300
       1387.90	        Sample	             1	     2.9245885	    0.49039243	     20538.800	     7022.8000	   0.029711332	  0.0048686843	     103.31250	     61.986416	     5358.4793	     21.733300
