
Comment=Con 1 malla y rendija de 0.5 para la de atrás  y 1 en todas las demás


Space=Time,Sample,Iteration
Columns=Time,Sample,Iteration,Ratio,GPolarization,I1,I2,RatioStdError,GPolarizationStdError,I1StdError,I2StdError,RealTime,RealTemperature
Dark=182.4, 780.8
[Data]
          0.00	        Sample	             1	     3.4725670	    0.55282951	     123419.20	     35541.200	   0.014547190	  0.0026802944	     356.98150	     107.70232	     8078.5440	     22.386600
          0.00	       Sample2	             1	     4.1055451	    0.60826905	     123557.20	     30095.200	   0.040982917	  0.0083484472	     1086.6868	     142.10152	     8085.7833	     22.386600
         12.91	        Sample	             1	     3.4851914	    0.55408814	     123087.20	     35317.200	   0.018044728	  0.0023110043	     274.39656	     165.03843	     8093.1062	     22.386600
         12.91	       Sample2	             1	     3.4400865	    0.54955832	     109495.20	     31829.200	   0.048118571	   0.011807016	     1455.7874	     138.31695	     8100.3851	     22.380000
         27.53	        Sample	             1	     3.4599720	    0.55156669	     122397.20	     35375.200	   0.020076222	  0.0024513603	     281.37220	     188.46527	     8107.6923	     22.386600
         27.53	       Sample2	             1	     3.3188736	    0.53691629	     107907.20	     32513.200	   0.043248074	   0.010589511	     1300.1104	     161.39588	     8114.9927	     22.386600
         42.14	        Sample	             1	     3.5002000	    0.55557531	     122511.20	     35001.200	   0.018194163	  0.0029519992	     379.27465	     146.14989	     8122.3049	     22.386600
         42.14	       Sample2	             1	     3.2968228	    0.53453980	     108911.20	     33035.200	   0.023981649	  0.0056632872	     699.96150	     112.55502	     8129.8124	     22.380000
         56.99	        Sample	             1	     3.4578311	    0.55135132	     121851.20	     35239.200	   0.015518684	  0.0027176060	     353.87301	     120.57756	     8137.2392	     22.386600
         56.99	       Sample2	             1	     3.2200498	    0.52607194	     107051.20	     33245.200	   0.029986250	  0.0067341211	     817.10452	     177.35543	     8144.7165	     22.380000
         71.91	        Sample	             1	     3.4690632	    0.55247892	     121553.20	     35039.200	   0.015466152	  0.0021320241	     257.91512	     137.38919	     8152.1776	     22.380000
         71.91	       Sample2	             1	     3.1959128	    0.52334567	     106843.20	     33431.200	   0.031600285	  0.0076136273	     933.50455	     154.75890	     8159.6044	     22.393300
         86.73	        Sample	             1	     3.4524708	    0.55081121	     121089.20	     35073.200	   0.013973818	  0.0021007362	     261.02430	     120.14991	     8167.0473	     22.393300
         86.73	       Sample2	             1	     3.2804623	    0.53276075	     110575.20	     33707.200	   0.030493319	  0.0068694409	     857.51612	     172.74502	     8174.3848	     22.396600
        101.53	        Sample	             1	     3.4688930	    0.55246188	     120659.20	     34783.200	   0.016162619	  0.0022084647	     264.24869	     143.04655	     8181.7809	     22.393300
        101.53	       Sample2	             1	     3.3406833	    0.53924305	     114175.20	     34177.200	   0.030061342	  0.0067317968	     863.03699	     166.86522	     8189.0164	     22.390000
        116.16	        Sample	             1	     3.4826151	    0.55383187	     120795.20	     34685.200	   0.017198019	  0.0027424619	     345.92850	     139.54135	     8196.2944	     22.396600
        116.16	       Sample2	             1	     3.3641441	    0.54172000	     117325.20	     34875.200	   0.027731335	  0.0065041727	     860.47368	     131.24184	     8203.6635	     22.400000
        130.78	        Sample	             1	     3.4836276	    0.55393262	     120217.20	     34509.200	   0.017088229	  0.0022573812	     265.52788	     151.14650	     8210.9108	     22.400000
        130.78	       Sample2	             1	     3.3307418	    0.53818535	     119271.20	     35809.200	   0.028558869	  0.0067070256	     904.64579	     143.19291	     8218.2729	     22.406600
        145.49	        Sample	             1	     3.5049847	    0.55604732	     120239.20	     34305.200	   0.015178051	  0.0019957475	     234.68680	     132.61023	     8225.6321	     22.410000
        145.49	       Sample2	             1	     3.3825428	    0.54364393	     120923.20	     35749.200	   0.026124344	  0.0062264248	     849.31874	     114.83168	     8233.0012	     22.410000
        160.21	        Sample	             1	     3.4910460	    0.55466945	     121255.20	     34733.200	   0.017072716	  0.0022037466	     258.87042	     152.81981	     8240.4752	     22.410000
        160.21	       Sample2	             1	     3.3668390	    0.54200281	     121641.20	     36129.200	   0.025504672	  0.0056236036	     764.96151	     152.58820	     8247.7866	     22.410000
        174.94	        Sample	             1	     3.4849079	    0.55405997	     120073.20	     34455.200	   0.016635656	  0.0021736849	     254.14915	     147.42420	     8255.2474	     22.413300
        174.94	       Sample2	             1	     3.5311869	    0.55861454	     128625.60	     36425.600	   0.016566428	  0.0023225700	     300.02947	     148.27002	     8262.5322	     22.420000
        192.70	        Sample	             1	     3.4769841	    0.55327070	     119495.60	     34367.600	   0.014325059	  0.0020054205	     240.02588	     123.62507	     8272.7940	     22.420000
        192.70	       Sample2	             1	     3.4112804	    0.54661690	     123309.60	     36147.600	   0.025516335	  0.0055258733	     757.63677	     154.20765	     8280.2225	     22.433300
        207.39	        Sample	             1	     3.4618836	    0.55175881	     119433.60	     34499.600	   0.013628409	  0.0020747893	     255.32477	     114.04431	     8287.6141	     22.420000
        207.39	       Sample2	             1	     3.4044974	    0.54591868	     122451.60	     35967.600	   0.020650671	  0.0038700955	     514.62219	     157.31631	     8294.9968	     22.436600
        222.12	        Sample	             1	     3.4410924	    0.54966035	     118991.60	     34579.600	   0.017049191	  0.0024052387	     287.02870	     149.65153	     8302.2517	     22.430000
        222.12	       Sample2	             1	     3.4063811	    0.54611280	     122437.60	     35943.600	   0.021825730	  0.0045966053	     623.46738	     139.78254	     8309.6050	     22.440000
        236.73	        Sample	             1	     3.4672065	    0.55229291	     118521.60	     34183.600	   0.015682347	  0.0022973254	     277.10382	     132.35598	     8316.8604	     22.443300
        236.73	       Sample2	             1	     3.4209440	    0.54760793	     121941.60	     35645.600	   0.024022210	  0.0044598634	     589.06456	     181.66713	     8324.1598	     22.443300
        251.32	        Sample	             1	     3.4866010	    0.55422824	     119177.60	     34181.600	   0.013384415	  0.0020755116	     256.30574	     108.69174	     8331.5891	     22.446600
        251.32	       Sample2	             1	     3.4529892	    0.55086350	     122883.60	     35587.600	   0.022654638	  0.0043136810	     576.04294	     163.35625	     8338.8918	     22.446600
        266.04	        Sample	             1	     3.4775858	    0.55333073	     118535.60	     34085.600	   0.012612409	  0.0020217011	     250.59886	     100.44532	     8346.3836	     22.450000
        266.04	       Sample2	             1	     3.4474402	    0.55030312	     122851.60	     35635.600	   0.020140310	  0.0035166744	     461.53314	     159.43255	     8353.8263	     22.453300
        280.96	        Sample	             1	     3.4592599	    0.55149508	     118789.60	     34339.600	   0.015511734	  0.0022685029	     274.02804	     132.04385	     8361.2460	     22.453300
        280.96	       Sample2	             1	     3.4452010	    0.55007659	     122847.60	     35657.600	   0.020118826	  0.0031939221	     409.28050	     171.01554	     8368.5841	     22.460000
        295.78	        Sample	             1	     3.4858561	    0.55415422	     118545.60	     34007.600	   0.012921053	  0.0020812569	     258.31193	     101.97523	     8375.9067	     22.460000
        295.78	       Sample2	             1	     3.4478482	    0.55034437	     122769.60	     35607.600	   0.018297571	  0.0037672082	     509.24588	     117.87147	     8383.2599	     22.460000
        310.38	        Sample	             1	     3.4637213	    0.55194336	     118007.60	     34069.600	   0.015795473	  0.0020998335	     242.77128	     138.65823	     8390.5149	     22.473300
        310.38	       Sample2	             1	     3.4800349	    0.55357491	     122885.60	     35311.600	   0.023215357	  0.0034467344	     433.09510	     200.00579	     8397.8836	     22.470000
        325.01	        Sample	             1	     3.4626804	    0.55183885	     118207.60	     34137.600	   0.017271988	  0.0023376281	     272.82344	     150.95486	     8405.2659	     22.470000
        325.01	       Sample2	             1	     3.4594278	    0.55151197	     122953.60	     35541.600	   0.019067119	  0.0031976634	     415.97976	     154.64458	     8412.6886	     22.480000
        339.83	        Sample	             1	     3.5074022	    0.55628544	     118457.60	     33773.600	   0.017080075	  0.0021259900	     240.05263	     149.55091	     8420.1597	     22.483300
        339.83	       Sample2	             1	     3.4614926	    0.55171953	     122971.60	     35525.600	   0.018720683	  0.0030581946	     395.28031	     154.51384	     8427.4143	     22.486600
        354.54	        Sample	             1	     3.4894438	    0.55451051	     118339.60	     33913.600	   0.012002763	  0.0019727828	     245.66087	     93.014996	     8434.8638	     22.490000
        354.54	       Sample2	             1	     3.4616491	    0.55173525	     122305.60	     35331.600	   0.016900874	  0.0035976910	     486.37521	     100.07471	     8442.3081	     22.490000
        369.47	        Sample	             1	     3.4664802	    0.55222011	     117997.60	     34039.600	   0.021184198	  0.0028782652	     335.95614	     184.06578	     8449.7124	     22.490000
        369.47	       Sample2	             1	     3.4872469	    0.55429241	     123049.60	     35285.600	   0.016290214	  0.0026262552	     338.40990	     133.23821	     8460.1679	     22.490000
        387.34	        Sample	             1	     3.4458755	    0.55014485	     117399.60	     34069.600	   0.012667881	  0.0018130767	     214.68753	     108.65300	     8467.4751	     22.500000
        387.34	       Sample2	             1	     3.4587455	    0.55144334	     122237.60	     35341.600	   0.015926976	  0.0024210020	     304.76773	     136.82413	     8474.8663	     22.500000
        402.08	        Sample	             1	     3.4715427	    0.55272707	     117843.60	     33945.600	   0.016198307	  0.0024129922	     291.02903	     134.38672	     8482.3675	     22.513300
        402.08	       Sample2	             1	     3.4802903	    0.55360035	     122191.60	     35109.600	   0.017472618	  0.0025184180	     311.55265	     151.84202	     8489.8120	     22.516600
        417.00	        Sample	             1	     3.4710060	    0.55267338	     117679.60	     33903.600	   0.019490953	  0.0024512749	     275.33367	     173.06829	     8497.2387	     22.516600
        417.00	       Sample2	             1	     3.4518812	    0.55075172	     122167.60	     35391.600	   0.011651387	  0.0019824898	     257.17944	     93.379813	     8504.6816	     22.510000
        431.84	        Sample	             1	     3.4789562	    0.55346739	     117211.60	     33691.600	   0.017187530	  0.0018642075	     189.30288	     157.30560	     8512.0572	     22.523300
        431.84	       Sample2	             1	     3.4785602	    0.55342790	     121685.60	     34981.600	   0.016542051	  0.0023637858	     290.30800	     143.90348	     8519.4397	     22.520000
        446.56	        Sample	             1	     3.4672142	    0.55229368	     117703.60	     33947.600	   0.018375240	  0.0022940511	     256.61562	     163.98395	     8526.8082	     22.530000
        446.56	       Sample2	             1	     3.4761125	    0.55318370	     121363.60	     34913.600	   0.016467753	  0.0020678959	     239.48849	     150.36797	     8534.2573	     22.530000
        461.37	        Sample	             1	     3.4656545	    0.55213732	     117151.60	     33803.600	   0.015444546	  0.0023359822	     281.41709	     126.88578	     8541.6777	     22.530000
        461.37	       Sample2	             1	     3.4813613	    0.55370704	     121407.60	     34873.600	   0.012189161	  0.0022974239	     302.13660	     85.888545	     8549.0154	     22.533300
        476.21	        Sample	             1	     3.4885145	    0.55441828	     117847.60	     33781.600	   0.013939887	  0.0016064618	     172.02876	     125.65952	     8556.3133	     22.546600
        476.21	       Sample2	             1	     3.4752800	    0.55310058	     120903.60	     34789.600	   0.014117194	  0.0027002489	     354.66070	     97.760179	     8563.6380	     22.540000
        490.81	        Sample	             1	     3.4753131	    0.55310389	     117547.60	     33823.600	   0.017506138	  0.0020015571	     212.10276	     159.07297	     8570.9453	     22.540000
        490.81	       Sample2	             1	     3.4742001	    0.55299273	     120789.60	     34767.600	   0.014691218	  0.0023825017	     301.86647	     118.59795	     8578.4098	     22.553300
        505.52	        Sample	             1	     3.4639960	    0.55197093	     117185.60	     33829.600	   0.018880790	  0.0025661002	     297.45022	     163.17637	     8585.6942	     22.556600
        505.52	       Sample2	             1	     3.4410780	    0.54965889	     120071.60	     34893.600	   0.013200460	  0.0022064504	     280.17250	     106.24698	     8593.1594	     22.556600
        520.34	        Sample	             1	     3.4543756	    0.55100328	     116825.60	     33819.600	   0.016645067	  0.0017809400	     176.86391	     154.70923	     8600.4967	     22.550000
        520.34	       Sample2	             1	     3.4810320	    0.55367424	     119655.60	     34373.600	   0.015657370	  0.0024077753	     297.80212	     128.78378	     8607.8193	     22.560000
        534.97	        Sample	             1	     3.4855588	    0.55412467	     117301.60	     33653.600	   0.014487231	  0.0018856801	     215.01726	     125.53884	     8615.1879	     22.566600
        534.97	       Sample2	             1	     3.4599509	    0.55156457	     119567.60	     34557.600	   0.014654123	  0.0022789605	     282.56383	     121.46128	     8622.4506	     22.570000
        549.58	        Sample	             1	     3.4637071	    0.55194193	     116815.60	     33725.600	   0.013110317	  0.0022809991	     284.29007	     97.768793	     8629.8926	     22.570000
        549.58	       Sample2	             1	     3.5179823	    0.55732451	     121685.60	     34589.600	   0.014514841	  0.0019216673	     229.57168	     126.91978	     8637.3435	     22.570000
        567.46	        Sample	             1	     3.4801031	    0.55358170	     117187.60	     33673.600	   0.013629175	  0.0017535483	     198.57333	     118.89314	     8647.7770	     22.573300
        567.46	       Sample2	             1	     3.4775167	    0.55332384	     119715.60	     34425.600	   0.015001068	  0.0021934700	     267.14672	     127.08886	     8655.1748	     22.570000
        582.37	        Sample	             1	     3.4633616	    0.55190725	     117309.60	     33871.600	   0.016777101	  0.0021151117	     236.92593	     149.13858	     8662.5035	     22.586600
        582.37	       Sample2	             1	     3.4838642	    0.55395616	     119613.60	     34333.600	   0.016005071	  0.0026980349	     341.68745	     123.53052	     8669.9014	     22.580000
        597.09	        Sample	             1	     3.4794082	    0.55351245	     116927.60	     33605.600	   0.013684698	  0.0021854348	     266.95121	     107.62508	     8677.2293	     22.593300
        597.09	       Sample2	             1	     3.4648372	    0.55205533	     118835.60	     34297.600	   0.016337629	  0.0022300202	     262.61639	     142.86099	     8684.6291	     22.596600
        611.81	        Sample	             1	     3.4707503	    0.55264780	     116879.60	     33675.600	   0.019372786	  0.0022661729	     242.30950	     174.52190	     8692.0492	     22.580000
        611.81	       Sample2	             1	     3.4369490	    0.54923980	     118669.60	     34527.600	   0.019867227	  0.0027360663	     322.39760	     176.16918	     8699.3772	     22.590000
        626.53	        Sample	             1	     3.4852931	    0.55409826	     117069.60	     33589.600	   0.014649371	  0.0023044761	     280.67438	     115.96370	     8706.7752	     22.600000
        626.53	       Sample2	             1	     3.4649984	    0.55207151	     118695.60	     34255.600	   0.015856101	  0.0029083135	     372.32555	     114.13289	     8714.1264	     22.603300
        641.35	        Sample	             1	     3.4346264	    0.54900373	     116267.60	     33851.600	   0.020558657	  0.0022178429	     219.55889	     192.27776	     8721.5995	     22.606600
        641.35	       Sample2	             1	     3.4738805	    0.55296079	     118103.60	     33997.600	   0.017744314	  0.0030015128	     375.70957	     135.86681	     8729.0422	     22.606600
        656.15	        Sample	             1	     3.4259283	    0.54811740	     116507.60	     34007.600	   0.014663432	  0.0023662267	     288.90319	     118.64055	     8736.4685	     22.610000
        656.15	       Sample2	             1	     3.4709596	    0.55266874	     118087.60	     34021.600	   0.014987197	  0.0023684538	     291.35581	     120.55660	     8743.8212	     22.610000
        670.98	        Sample	             1	     3.4684085	    0.55241335	     116925.60	     33711.600	   0.017228665	  0.0024170661	     283.19233	     146.20174	     8751.1018	     22.610000
        670.98	       Sample2	             1	     3.4763039	    0.55320281	     117949.60	     33929.600	   0.021249683	  0.0031137756	     373.89444	     177.33465	     8758.4530	     22.613300
        685.67	        Sample	             1	     3.4506415	    0.55062658	     116609.60	     33793.600	   0.015892617	  0.0025038690	     303.90303	     128.32853	     8765.8266	     22.620000
        685.67	       Sample2	             1	     3.4202843	    0.54754041	     117047.60	     34221.600	   0.014691873	  0.0025543722	     319.33451	     113.54202	     8773.1333	     22.626600
        700.28	        Sample	             1	     3.4771741	    0.55328965	     117297.60	     33733.600	   0.011524408	  0.0017914574	     217.88650	     92.593054	     8780.5561	     22.620000
        700.28	       Sample2	             1	     3.4356984	    0.54911272	     116853.60	     34011.600	   0.017140420	  0.0020594136	     222.65574	     156.81770	     8787.9826	     22.620000
        715.09	        Sample	             1	     3.4617091	    0.55174128	     116713.60	     33715.600	   0.018181856	  0.0027534603	     330.58290	     149.12729	     8795.3287	     22.636600
        715.09	       Sample2	             1	     3.4422366	    0.54977635	     116621.60	     33879.600	   0.016951497	  0.0031180684	     392.79726	     121.71667	     8802.5844	     22.630000
        729.82	        Sample	             1	     3.4557569	    0.55114248	     116381.60	     33677.600	   0.015259215	  0.0022887695	     273.14773	     125.96073	     8810.0098	     22.630000
        729.82	       Sample2	             1	     3.4407759	    0.54962826	     116427.60	     33837.600	   0.019524071	  0.0028615053	     338.85846	     164.82463	     8817.4313	     22.640000
        744.63	        Sample	             1	     3.4482554	    0.55038553	     116220.00	     33704.000	   0.016298590	  0.0028606985	     355.57396	     121.43008	     8824.8066	     22.630000
        744.63	       Sample2	             1	     3.4283364	    0.54836312	     116680.00	     34034.000	   0.016073049	  0.0025065631	     303.47323	     132.75621	     8835.2360	     22.643300
        762.39	        Sample	             1	     3.4831817	    0.55388826	     116394.00	     33416.000	   0.016628280	  0.0023477795	     274.65385	     138.67341	     8842.5910	     22.650000
        762.39	       Sample2	             1	     3.4438525	    0.54994006	     116354.00	     33786.000	   0.016278543	  0.0021576608	     245.23887	     142.94570	     8849.8687	     22.646600
        777.01	        Sample	             1	     3.4595334	    0.55152259	     116268.00	     33608.000	   0.019322894	  0.0026234880	     301.50360	     166.25662	     8857.2435	     22.650000
        777.01	       Sample2	             1	     3.4431548	    0.54986938	     115690.00	     33600.000	   0.012369614	  0.0018836723	     224.50460	     101.58326	     8864.4989	     22.653300
        791.62	        Sample	             1	     3.4438528	    0.54994009	     116416.00	     33804.000	   0.019089478	  0.0024827266	     279.79842	     168.84749	     8871.8670	     22.666600
        791.62	       Sample2	             1	     3.4604795	    0.55161771	     116632.00	     33704.000	   0.021764027	  0.0025933894	     279.52742	     195.98066	     8895.5648	     22.660000
        822.77	        Sample	             1	     3.5142943	    0.55696287	     116288.00	     33090.000	   0.015965271	  0.0020069204	     223.71787	     136.18177	     8902.8697	     22.673300
        822.77	       Sample2	             1	     3.4220259	    0.54771862	     116212.00	     33960.000	   0.015877548	  0.0022939811	     269.56651	     136.46361	     8910.3366	     22.676600
        837.51	        Sample	             1	     3.4659905	    0.55217101	     116180.00	     33520.000	   0.015958980	  0.0020168094	     224.08457	     140.14729	     8917.7629	     22.670000
        837.51	       Sample2	             1	     3.3993393	    0.54538629	     115258.00	     33906.000	   0.016265039	  0.0026531323	     321.46081	     131.82045	     8925.1087	     22.670000
        852.23	        Sample	             1	     3.4322424	    0.54876115	     116202.00	     33856.000	   0.017872846	  0.0025706144	     301.66520	     152.82877	     8932.3930	     22.680000
        852.23	       Sample2	             1	     3.4150193	    0.54700085	     115052.00	     33690.000	   0.017364117	  0.0028422815	     344.05752	     138.54203	     8939.7481	     22.680000
        866.93	        Sample	             1	     3.4723483	    0.55280764	     116282.00	     33488.000	   0.010161434	  0.0020136827	     255.91898	     64.589391	     8947.0439	     22.686600
        866.93	       Sample2	             1	     3.4253731	    0.54806071	     114750.00	     33500.000	   0.016208067	  0.0031136737	     389.43170	     110.45933	     8954.3501	     22.686600
        881.54	        Sample	             1	     3.4443523	    0.54999067	     116240.00	     33748.000	   0.015703405	  0.0023004603	     271.96594	     132.05740	     8961.6724	     22.690000
        881.54	       Sample2	             1	     3.3909699	    0.54451976	     114608.00	     33798.000	   0.015578506	  0.0025448817	     306.74385	     126.20034	     8969.1214	     22.690000
        896.27	        Sample	             1	     3.4801530	    0.55358668	     116432.00	     33456.000	   0.017076204	  0.0024537589	     288.93416	     141.61772	     8976.5874	     22.690000
        896.27	       Sample2	             1	     3.4142466	    0.54692155	     114746.00	     33608.000	   0.017057129	  0.0028022600	     338.64715	     135.47266	     8983.9923	     22.693300
        911.20	        Sample	             1	     3.4885446	    0.55442127	     115722.00	     33172.000	   0.017387495	  0.0026169691	     311.03867	     139.23399	     8991.3422	     22.693300
        911.20	       Sample2	             1	     3.3841811	    0.54381447	     113898.00	     33656.000	   0.015703907	  0.0031331690	     392.43665	     104.61357	     8998.8532	     22.706600
        926.00	        Sample	             1	     3.4760768	    0.55318015	     116532.00	     33524.000	   0.019381713	  0.0026932383	     313.44738	     163.73277	     9006.2573	     22.706600
        926.00	       Sample2	             1	     3.4724964	    0.55282245	     115524.40	     33268.400	   0.014879839	  0.0019984557	     227.34856	     126.63333	     9013.7499	     22.700000
        943.97	        Sample	             1	     3.4826566	    0.55383600	     116266.40	     33384.400	   0.015653521	  0.0020838871	     237.85179	     133.60980	     9024.2060	     22.700000
        943.97	       Sample2	             1	     3.4005818	    0.54551464	     113628.40	     33414.400	   0.015169744	  0.0026468224	     321.65722	     115.20234	     9031.6563	     22.716600
        958.83	        Sample	             1	     3.4907159	    0.55463671	     116556.40	     33390.400	   0.014169947	  0.0019586087	     227.69278	     118.81520	     9039.0763	     22.700000
        958.83	       Sample2	             1	     3.3883570	    0.54424856	     112962.40	     33338.400	   0.018293921	  0.0033816615	     413.95754	     132.18488	     9046.4490	     22.716600
        973.63	        Sample	             1	     3.4533049	    0.55089534	     116108.40	     33622.400	   0.014462448	  0.0023179560	     281.47394	     114.82160	     9053.8753	     22.710000
        973.63	       Sample2	             1	     3.4005260	    0.54550888	     112742.40	     33154.400	   0.019925527	  0.0035373472	     428.23112	     147.92601	     9061.2957	     22.710000
        988.43	        Sample	             1	     3.4499294	    0.55055466	     116236.40	     33692.400	   0.015003110	  0.0025279840	     311.30929	     115.43875	     9068.7473	     22.723300
        988.43	       Sample2	             1	     3.3883559	    0.54424845	     112020.40	     33060.400	   0.020405049	  0.0033565700	     396.21658	     161.13479	     9076.0478	     22.720000
       1003.25	        Sample	             1	     3.4720294	    0.55277574	     115814.40	     33356.400	   0.016365327	  0.0022042024	     251.68067	     139.51721	     9083.4981	     22.726600
       1003.25	       Sample2	             1	     3.3726695	    0.54261350	     111724.40	     33126.400	   0.014676964	  0.0023891886	     280.46390	     117.75443	     9090.7312	     22.730000
       1017.86	        Sample	             1	     3.4475037	    0.55030954	     115844.40	     33602.400	   0.016774263	  0.0019822544	     210.62064	     151.65334	     9098.1739	     22.730000
       1017.86	       Sample2	             1	     3.3793149	    0.54330757	     111640.40	     33036.400	   0.016079703	  0.0027937508	     333.40697	     122.37905	     9105.6487	     22.733300
       1032.78	        Sample	             1	     3.4614174	    0.55171197	     116090.40	     33538.400	   0.017813583	  0.0022776481	     254.25888	     156.18882	     9113.0465	     22.733300
       1032.78	       Sample2	             1	     3.3839832	    0.54379387	     111334.40	     32900.400	   0.014384525	  0.0026812845	     324.10525	     101.90914	     9120.4965	     22.746600
       1047.63	        Sample	             1	     3.4599647	    0.55156596	     116152.40	     33570.400	   0.018979108	  0.0022619966	     242.81637	     170.24812	     9127.8299	     22.746600
       1047.63	       Sample2	             1	     3.3083455	    0.53578468	     111426.40	     33680.400	   0.018010970	  0.0033875336	     411.83645	     134.62697	     9135.2260	     22.733300
       1062.43	        Sample	             1	     3.4757259	    0.55314511	     117126.40	     33698.400	   0.020234035	  0.0022673317	     235.94112	     184.05720	     9142.5781	     22.740000
       1062.43	       Sample2	             1	     3.3924400	    0.54467221	     111178.40	     32772.400	   0.023060661	  0.0027237997	     274.76152	     207.53135	     9149.9474	     22.740000
       1077.16	        Sample	             1	     3.4369663	    0.54924156	     115758.40	     33680.400	   0.017705076	  0.0021623079	     233.98425	     159.58565	     9157.2850	     22.753300
       1077.16	       Sample2	             1	     3.3500324	    0.54023330	     109748.40	     32760.400	   0.020559989	  0.0031989314	     363.63400	     169.24041	     9164.6766	     22.756600
       1091.88	        Sample	             1	     3.4502394	    0.55058598	     115584.40	     33500.400	   0.017773894	  0.0026125547	     307.53177	     147.77721	     9172.1041	     22.740000
       1091.88	       Sample2	             1	     3.3379240	    0.53894996	     109358.40	     32762.400	   0.016188852	  0.0026753584	     308.76869	     129.19508	     9179.3370	     22.750000
       1106.48	        Sample	             1	     3.4704496	    0.55261771	     116032.40	     33434.400	   0.015482090	  0.0024288406	     292.98428	     122.96341	     9186.6215	     22.750000
       1106.48	       Sample2	             1	     3.3883915	    0.54425215	     109446.40	     32300.400	   0.017536646	  0.0033304454	     397.14348	     119.19996	     9193.9903	     22.760000
       1121.10	        Sample	             1	     3.4931105	    0.55487406	     116106.80	     33238.800	   0.019236516	  0.0028723315	     341.70193	     154.71468	     9201.2238	     22.760000
       1121.10	       Sample2	             1	     3.3311194	    0.53822562	     109136.80	     32762.800	   0.016949295	  0.0032355635	     386.12679	     119.80598	     9211.4628	     22.766600
       1138.67	        Sample	             1	     3.4644765	    0.55201914	     115958.80	     33470.800	   0.013106093	  0.0020404497	     245.43795	     104.94610	     9218.9069	     22.770000
       1138.67	       Sample2	             1	     3.2952495	    0.53436931	     107684.80	     32678.800	   0.012943868	  0.0023800107	     278.33187	     96.658923	     9226.2406	     22.770000
       1153.45	        Sample	             1	     3.4456872	    0.55012580	     115336.80	     33472.800	   0.015494858	  0.0021281809	     243.58550	     132.89014	     9233.7532	     22.773300
       1153.45	       Sample2	             1	     3.2999803	    0.53488159	     107238.80	     32496.800	   0.017247030	  0.0031561586	     367.10503	     128.33837	     9241.1576	     22.770000
       1168.30	        Sample	             1	     3.4954728	    0.55510797	     115814.80	     33132.800	   0.014976023	  0.0025195666	     308.72608	     111.13197	     9248.6007	     22.786600
       1168.30	       Sample2	             1	     3.3473979	    0.53995469	     107132.80	     32004.800	   0.019549631	  0.0036791621	     429.43880	     135.93807	     9255.9643	     22.780000
       1183.11	        Sample	             1	     3.4606255	    0.55163238	     115926.80	     33498.800	   0.015519228	  0.0027223379	     337.34911	     114.30246	     9263.3583	     22.773300
       1183.11	       Sample2	             1	     3.3158367	    0.53659043	     106480.80	     32112.800	   0.019219905	  0.0041453642	     493.77174	     111.67999	     9270.6886	     22.780000
       1197.82	        Sample	             1	     3.4925968	    0.55482317	     116054.80	     33228.800	   0.016281808	  0.0019102434	     203.94581	     143.47859	     9278.0576	     22.793300
       1197.82	       Sample2	             1	     3.3173392	    0.53675171	     106442.80	     32086.800	   0.021219433	  0.0037840509	     433.95343	     158.15449	     9285.3860	     22.793300
       1212.56	        Sample	             1	     3.4655823	    0.55213008	     115392.80	     33296.800	   0.015511339	  0.0028208381	     350.48358	     109.46376	     9292.8829	     22.796600
       1212.56	       Sample2	             1	     3.3025803	    0.53516266	     105156.80	     31840.800	   0.016268480	  0.0030349110	     347.65258	     116.27553	     9300.1603	     22.793300
       1227.29	        Sample	             1	     3.4635245	    0.55192360	     116224.80	     33556.800	   0.016181281	  0.0021136967	     238.74937	     140.80670	     9307.4222	     22.790000
       1227.29	       Sample2	             1	     3.2798460	    0.53269347	     105298.80	     32104.800	   0.021410621	  0.0034727279	     383.55100	     173.91831	     9314.9316	     22.790000
       1242.09	        Sample	             1	     3.4783817	    0.55341010	     115686.80	     33258.800	   0.016540444	  0.0026555061	     321.38221	     128.35723	     9322.2608	     22.800000
       1242.09	       Sample2	             1	     3.2656969	    0.53114344	     103544.80	     31706.800	   0.021549516	  0.0042903430	     491.42457	     145.36415	     9329.5676	     22.803300
       1256.69	        Sample	             1	     3.4450815	    0.55006449	     115612.80	     33558.800	   0.015041089	  0.0019995715	     226.15505	     130.98734	     9336.9584	     22.803300
       1256.69	       Sample2	             1	     3.2493799	    0.52934309	     103748.80	     31928.800	   0.021015901	  0.0040177546	     457.48604	     151.06917	     9344.4841	     22.803300
       1271.64	        Sample	             1	     3.4793388	    0.55350554	     115690.80	     33250.800	   0.013816178	  0.0018144423	     204.78230	     118.19253	     9351.8807	     22.810000
       1271.64	       Sample2	             1	     3.2569370	    0.53017863	     103618.80	     31814.800	   0.020864068	  0.0042581151	     490.67494	     137.25965	     9359.3080	     22.810000
       1286.46	        Sample	             1	     3.4544759	    0.55101340	     115568.80	     33454.800	   0.012975403	  0.0013779907	     134.43371	     119.48222	     9366.7743	     22.810000
       1286.46	       Sample2	             1	     3.2417682	    0.52849851	     103492.80	     31924.800	   0.019034315	  0.0037325674	     426.46750	     133.53178	     9374.1781	     22.810000
       1301.31	        Sample	             1	     3.4568842	    0.55125601	     115614.80	     33444.800	   0.016240037	  0.0027285812	     333.93696	     123.91508	     9381.6209	     22.810000
       1301.31	       Sample2	             1	     3.3920401	    0.54463075	     108648.40	     32030.400	   0.016628389	  0.0025941998	     292.39447	     131.24184	     9389.0423	     22.826600
       1319.16	        Sample	             1	     3.4882485	    0.55439188	     116062.40	     33272.400	   0.016506551	  0.0021750114	     246.80527	     140.65336	     9399.4525	     22.820000
       1319.16	       Sample2	             1	     3.2158633	    0.52560132	     102156.40	     31766.400	   0.019550101	  0.0041019234	     469.55186	     126.39121	     9406.7877	     22.820000
       1333.99	        Sample	             1	     3.4702445	    0.55259718	     115692.40	     33338.400	   0.016600072	  0.0018191490	     183.49301	     150.45475	     9414.1104	     22.820000
       1333.99	       Sample2	             1	     3.1770612	    0.52119447	     101006.40	     31792.400	   0.021325134	  0.0046150063	     526.59782	     134.40786	     9421.5380	     22.820000
       1348.72	        Sample	             1	     3.4734895	    0.55292172	     115300.40	     33194.400	   0.015570752	  0.0020081732	     223.86603	     134.12013	     9429.0045	     22.833300
       1348.72	       Sample2	             1	     3.1644920	    0.51974935	     100214.40	     31668.400	   0.020268304	  0.0041023708	     458.60750	     141.91102	     9436.4245	     22.836600
       1363.55	        Sample	             1	     3.4743892	    0.55301162	     115990.40	     33384.400	   0.016606630	  0.0023651707	     276.51059	     138.30477	     9443.8517	     22.836600
       1363.55	       Sample2	             1	     3.1485152	    0.51789981	     99368.400	     31560.400	   0.019231321	  0.0042604060	     481.18691	     117.49222	     9451.2273	     22.840000
       1378.38	        Sample	             1	     3.4593084	    0.55149996	     115362.40	     33348.400	   0.017070230	  0.0026023770	     309.45657	     138.12199	     9458.5118	     22.830000
       1378.38	       Sample2	             1	     3.1472584	    0.51775371	     98680.400	     31354.400	   0.019731273	  0.0041278035	     457.97058	     132.15939	     9465.8814	     22.840000
