Title=Muestra_37C sin EDTA
Comment=solo rejillas de 0.5 mm
Signature=ISS_Experiment_Ver_1_0
Timestamp=Thu Jul 17 12:15:22 2025
Product=Vinci 3
SoftwareVersion=RELEASE.3.2.4
BuildNumber=518
RealTimeStart=2091.3900284

AcquisitionType=Photon Counting
AcquisitionFormat=L
AcquisitionSide=Right

Measurable=Intensity
DarkUpdatePeriodInMinutes=1000.0
MaxIterations=10

RightEmissionWavelengthBandwidth=8.0
ExcitationWavelengthBandwidth=8.0
Visualization=Y:Intensity,X:EmissionWavelength,PlotType:2D


Sample=type:label,unit:none,values:Sample
EmissionWavelength=type:numeric,unit:nm,from:490.0,to:750.0,step:1.0
ExcitationWavelength=type:numeric,unit:nm,fixed:470.0

Space=Sample,EmissionWavelength
Columns=Sample,EmissionWavelength,Intensity,IntensityStdError,RealTime,RealTemperature
Dark=73.6, 441.6
[Data]
        Sample	        490.00	     42038.400	     217.95005	     2098.0422	     19.683300
        Sample	        491.00	     54186.400	     237.84589	     2099.5588	     19.683300
        Sample	        492.00	     68518.400	     245.63749	     2100.7164	     19.683300
        Sample	        493.00	     85930.400	     366.89932	     2101.8713	     19.683300
        Sample	        494.00	     102674.40	     313.23119	     2103.0359	     19.683300
        Sample	        495.00	     120554.40	     549.53556	     2104.1963	     19.683300
        Sample	        496.00	     137018.40	     245.87260	     2105.3537	     19.683300
        Sample	        497.00	     153058.40	     410.49564	     2106.5253	     19.683300
        Sample	        498.00	     164774.40	     322.00483	     2107.7700	     19.683300
        Sample	        499.00	     174978.40	     371.29204	     2108.9177	     19.683300
        Sample	        500.00	     183458.40	     579.75474	     2110.0804	     19.683300
        Sample	        501.00	     189058.40	     549.49674	     2111.1961	     19.683300
        Sample	        502.00	     191330.40	     355.68026	     2112.3946	     19.686600
        Sample	        503.00	     194130.40	     599.20095	     2113.5510	     19.686600
        Sample	        504.00	     193898.40	     388.51283	     2114.6918	     19.686600
        Sample	        505.00	     194810.40	     291.14639	     2115.8572	     19.686600
        Sample	        506.00	     194942.40	     463.80839	     2117.0210	     19.690000
        Sample	        507.00	     195718.40	     415.47831	     2118.1654	     19.686600
        Sample	        508.00	     194210.40	     304.63384	     2119.2818	     19.690000
        Sample	        509.00	     194562.40	     450.55817	     2120.4807	     19.686600
        Sample	        510.00	     196110.40	     383.74992	     2121.6368	     19.686600
        Sample	        511.00	     196890.40	     497.03297	     2122.7896	     19.690000
        Sample	        512.00	     196110.40	     414.05528	     2123.9104	     19.690000
        Sample	        513.00	     196526.40	     567.62429	     2125.1070	     19.690000
        Sample	        514.00	     197470.40	     504.44425	     2126.2596	     19.690000
        Sample	        515.00	     199022.40	     459.57275	     2127.4128	     19.690000
        Sample	        516.00	     198966.40	     459.98261	     2128.4691	     19.690000
        Sample	        517.00	     200406.40	     470.37763	     2129.6368	     19.690000
        Sample	        518.00	     199794.40	     460.20092	     2130.7804	     19.690000
        Sample	        519.00	     200022.40	     420.71685	     2131.9413	     19.690000
        Sample	        520.00	     199810.40	     479.59427	     2133.0933	     19.690000
        Sample	        521.00	     199502.40	     369.61000	     2134.2535	     19.690000
        Sample	        522.00	     199430.40	     527.02266	     2135.4237	     19.690000
        Sample	        523.00	     198158.40	     389.36986	     2136.5636	     19.690000
        Sample	        524.00	     196722.40	     569.58308	     2137.7188	     19.690000
        Sample	        525.00	     194958.40	     603.86901	     2138.8773	     19.690000
        Sample	        526.00	     192730.40	     420.79501	     2140.0383	     19.690000
        Sample	        527.00	     190994.40	     379.49440	     2141.1890	     19.690000
        Sample	        528.00	     186826.40	     407.48770	     2142.3449	     19.693300
        Sample	        529.00	     183662.40	     522.22430	     2143.5039	     19.693300
        Sample	        530.00	     179662.40	     330.34393	     2144.6595	     19.693300
        Sample	        531.00	     175730.40	     344.35382	     2145.8192	     19.693300
        Sample	        532.00	     171474.40	     641.45529	     2146.9800	     19.693300
        Sample	        533.00	     167214.40	     573.24651	     2148.1280	     19.693300
        Sample	        534.00	     162266.40	     292.18259	     2149.2803	     19.693300
        Sample	        535.00	     157486.40	     543.69272	     2150.4358	     19.693300
        Sample	        536.00	     153134.40	     352.97844	     2151.5926	     19.693300
        Sample	        537.00	     147298.40	     363.15898	     2152.7471	     19.693300
        Sample	        538.00	     142786.40	     350.89980	     2153.9095	     19.706600
        Sample	        539.00	     137730.40	     339.25670	     2155.0494	     19.706600
        Sample	        540.00	     133114.40	     352.83991	     2156.2106	     19.706600
        Sample	        541.00	     127526.40	     397.76263	     2157.3659	     19.706600
        Sample	        542.00	     123238.40	     498.21013	     2158.5182	     19.706600
        Sample	        543.00	     118558.40	     401.15389	     2159.6767	     19.706600
        Sample	        544.00	     114706.40	     219.41741	     2160.7940	     19.706600
        Sample	        545.00	     109466.40	     412.90515	     2161.9939	     19.706600
        Sample	        546.00	     104858.40	     244.05828	     2163.1443	     19.700000
        Sample	        547.00	     101518.40	     322.60054	     2164.3069	     19.700000
        Sample	        548.00	     98150.400	     402.91383	     2165.4604	     19.700000
        Sample	        549.00	     94146.400	     242.43579	     2166.6152	     19.700000
        Sample	        550.00	     91322.400	     507.80399	     2167.7635	     19.700000
        Sample	        551.00	     87930.400	     208.53350	     2168.9325	     19.700000
        Sample	        552.00	     84494.400	     392.01814	     2170.0807	     19.700000
        Sample	        553.00	     81790.400	     260.92485	     2171.2363	     19.700000
        Sample	        554.00	     79066.400	     344.25055	     2172.3863	     19.700000
        Sample	        555.00	     76358.400	     194.31932	     2173.5522	     19.700000
        Sample	        556.00	     73950.400	     276.02254	     2174.7135	     19.700000
        Sample	        557.00	     71374.400	     228.32336	     2175.8750	     19.700000
        Sample	        558.00	     69602.400	     109.69858	     2177.0082	     19.700000
        Sample	        559.00	     67338.400	     440.85775	     2178.1735	     19.700000
        Sample	        560.00	     64690.400	     269.52139	     2179.2261	     19.700000
        Sample	        561.00	     63278.400	     269.32013	     2180.3777	     19.700000
        Sample	        562.00	     61122.400	     227.32845	     2181.5451	     19.700000
        Sample	        563.00	     59430.400	     299.49884	     2182.6842	     19.700000
        Sample	        564.00	     57522.400	     237.87578	     2183.8515	     19.700000
        Sample	        565.00	     56394.400	     265.29313	     2185.0085	     19.700000
        Sample	        566.00	     55018.400	     274.69579	     2186.1634	     19.700000
        Sample	        567.00	     53118.400	     164.38437	     2187.3103	     19.700000
        Sample	        568.00	     51474.400	     195.54596	     2188.4733	     19.713300
        Sample	        569.00	     50214.400	     247.45460	     2189.6176	     19.713300
        Sample	        570.00	     48626.400	     161.33333	     2190.7709	     19.713300
        Sample	        571.00	     47702.400	     243.17895	     2191.9304	     19.713300
        Sample	        572.00	     46146.400	     194.87204	     2193.0858	     19.713300
        Sample	        573.00	     44954.400	     165.40321	     2194.2362	     19.713300
        Sample	        574.00	     43634.400	     222.98580	     2195.4038	     19.713300
        Sample	        575.00	     42342.400	     282.47792	     2196.5593	     19.713300
        Sample	        576.00	     40410.400	     194.59816	     2197.7257	     19.713300
        Sample	        577.00	     40162.400	     267.82747	     2198.8706	     19.716600
        Sample	        578.00	     38430.400	     210.80164	     2200.0439	     19.716600
        Sample	        579.00	     37430.400	     222.61476	     2201.1924	     19.716600
        Sample	        580.00	     36470.400	     166.08432	     2202.3561	     19.716600
        Sample	        581.00	     35230.400	     213.81612	     2203.5065	     19.716600
        Sample	        582.00	     34382.400	     137.04176	     2204.6715	     19.716600
        Sample	        583.00	     33306.400	     220.30686	     2205.8215	     19.716600
        Sample	        584.00	     32190.400	     128.55436	     2206.9846	     19.710000
        Sample	        585.00	     31450.400	     235.81914	     2208.1446	     19.710000
        Sample	        586.00	     30142.400	     192.31456	     2209.3101	     19.710000
        Sample	        587.00	     29742.400	     164.94578	     2210.4590	     19.710000
        Sample	        588.00	     28982.400	     187.35113	     2211.6059	     19.710000
        Sample	        589.00	     27998.400	     273.18695	     2212.7629	     19.710000
        Sample	        590.00	     26942.400	     207.34941	     2213.9230	     19.710000
        Sample	        591.00	     26334.400	     173.76357	     2215.0777	     19.710000
        Sample	        592.00	     25238.400	     250.29760	     2216.2210	     19.710000
        Sample	        593.00	     24730.400	     212.75338	     2217.3810	     19.720000
        Sample	        594.00	     24054.400	     180.58670	     2218.5308	     19.720000
        Sample	        595.00	     23442.400	     242.09824	     2219.6967	     19.720000
        Sample	        596.00	     22310.400	     142.83479	     2220.8505	     19.720000
        Sample	        597.00	     21946.400	     141.49048	     2221.9983	     19.720000
        Sample	        598.00	     21526.400	     173.62028	     2223.1596	     19.720000
        Sample	        599.00	     20502.400	     134.95020	     2224.3150	     19.720000
        Sample	        600.00	     20114.400	     119.47292	     2225.4684	     19.720000
        Sample	        601.00	     19782.400	     151.92981	     2226.6252	     19.720000
        Sample	        602.00	     19026.400	     183.50174	     2227.7784	     19.720000
        Sample	        603.00	     18682.400	     94.741754	     2228.9400	     19.723300
        Sample	        604.00	     18214.400	     123.67700	     2230.0944	     19.723300
        Sample	        605.00	     17690.400	     111.56264	     2231.2409	     19.723300
        Sample	        606.00	     17246.400	     154.43661	     2232.4059	     19.723300
        Sample	        607.00	     16610.400	     188.09454	     2233.5510	     19.723300
        Sample	        608.00	     16198.400	     119.55473	     2234.7077	     19.723300
        Sample	        609.00	     15742.400	     116.11489	     2235.8822	     19.723300
        Sample	        610.00	     15402.400	     161.37740	     2237.0794	     19.726600
        Sample	        611.00	     15138.400	     87.279882	     2238.2710	     19.726600
        Sample	        612.00	     14726.400	     114.04483	     2239.3241	     19.726600
        Sample	        613.00	     14066.400	     157.09021	     2240.4797	     19.726600
        Sample	        614.00	     13982.400	     108.51728	     2241.6378	     19.726600
        Sample	        615.00	     13526.400	     104.27315	     2242.7878	     19.726600
        Sample	        616.00	     13138.400	     110.95545	     2243.9343	     19.726600
        Sample	        617.00	     13122.400	     72.651375	     2245.1037	     19.726600
        Sample	        618.00	     12414.400	     122.52165	     2246.2650	     19.726600
        Sample	        619.00	     12498.400	     77.344827	     2247.4118	     19.726600
        Sample	        620.00	     11886.400	     143.20770	     2248.5708	     19.730000
        Sample	        621.00	     11782.400	     110.14334	     2249.7310	     19.730000
        Sample	        622.00	     11278.400	     112.19031	     2250.8842	     19.730000
        Sample	        623.00	     11146.400	     131.46018	     2252.0318	     19.730000
        Sample	        624.00	     10886.400	     104.78337	     2253.1918	     19.730000
        Sample	        625.00	     10546.400	     88.252164	     2254.3441	     19.730000
        Sample	        626.00	     10450.400	     98.711701	     2255.5105	     19.730000
        Sample	        627.00	     10094.400	     92.606695	     2256.6754	     19.730000
        Sample	        628.00	     9714.4000	     99.142994	     2257.8354	     19.730000
        Sample	        629.00	     9522.4000	     110.98749	     2258.9785	     19.730000
        Sample	        630.00	     9374.4000	     92.028981	     2260.1433	     19.730000
        Sample	        631.00	     9134.4000	     96.737905	     2261.2948	     19.730000
        Sample	        632.00	     8898.4000	     125.96296	     2262.4616	     19.730000
        Sample	        633.00	     8566.4000	     97.943294	     2263.6075	     19.730000
        Sample	        634.00	     8350.4000	     85.541413	     2264.7623	     19.730000
        Sample	        635.00	     7946.4000	     102.59738	     2265.9235	     19.730000
        Sample	        636.00	     7782.4000	     87.473170	     2267.0415	     19.730000
        Sample	        637.00	     7678.4000	     122.20202	     2268.2301	     19.730000
        Sample	        638.00	     7598.4000	     49.170904	     2269.3864	     19.733300
        Sample	        639.00	     7462.4000	     109.17061	     2270.5448	     19.733300
        Sample	        640.00	     7182.4000	     81.801929	     2271.6987	     19.733300
        Sample	        641.00	     7158.4000	     59.029183	     2272.8534	     19.733300
        Sample	        642.00	     6894.4000	     93.371421	     2274.0085	     19.746600
        Sample	        643.00	     6730.4000	     96.710335	     2275.1730	     19.746600
        Sample	        644.00	     6574.4000	     65.645513	     2276.2812	     19.746600
        Sample	        645.00	     6274.4000	     78.304250	     2277.4848	     19.746600
        Sample	        646.00	     6102.4000	     62.595705	     2278.6277	     19.746600
        Sample	        647.00	     6090.4000	     100.14212	     2279.7881	     19.746600
        Sample	        648.00	     6070.4000	     60.457515	     2280.9496	     19.746600
        Sample	        649.00	     5742.4000	     75.707038	     2282.0970	     19.746600
        Sample	        650.00	     5630.4000	     59.568821	     2283.2549	     19.746600
        Sample	        651.00	     5666.4000	     74.009008	     2284.3717	     19.746600
        Sample	        652.00	     5306.4000	     59.044240	     2285.5220	     19.746600
        Sample	        653.00	     5082.4000	     78.304250	     2286.7202	     19.746600
        Sample	        654.00	     5258.4000	     108.19735	     2287.8679	     19.746600
        Sample	        655.00	     4978.4000	     53.416602	     2289.0358	     19.740000
        Sample	        656.00	     4750.4000	     76.547734	     2290.1757	     19.740000
        Sample	        657.00	     4698.4000	     63.175241	     2291.3375	     19.740000
        Sample	        658.00	     4638.4000	     83.692559	     2292.4793	     19.740000
        Sample	        659.00	     4518.4000	     63.385943	     2293.6434	     19.740000
        Sample	        660.00	     4354.4000	     53.149684	     2294.7779	     19.740000
        Sample	        661.00	     4314.4000	     67.316830	     2295.8382	     19.740000
        Sample	        662.00	     4186.4000	     86.830614	     2296.9993	     19.740000
        Sample	        663.00	     4238.4000	     46.188022	     2298.1419	     19.740000
        Sample	        664.00	     4046.4000	     66.879660	     2299.3097	     19.740000
        Sample	        665.00	     4090.4000	     68.520881	     2300.4636	     19.740000
        Sample	        666.00	     3714.4000	     68.883154	     2301.6225	     19.740000
        Sample	        667.00	     3666.4000	     54.340490	     2302.8043	     19.740000
        Sample	        668.00	     3630.4000	     65.265271	     2303.9580	     19.740000
        Sample	        669.00	     3502.4000	     56.000000	     2305.0973	     19.753300
        Sample	        670.00	     3462.4000	     69.589271	     2306.2432	     19.753300
        Sample	        671.00	     3426.4000	     47.347416	     2307.4074	     19.753300
        Sample	        672.00	     3358.4000	     51.982903	     2308.5706	     19.753300
        Sample	        673.00	     3322.4000	     65.983163	     2309.7359	     19.753300
        Sample	        674.00	     3330.4000	     71.814576	     2310.8914	     19.753300
        Sample	        675.00	     3046.4000	     42.499673	     2312.0513	     19.753300
        Sample	        676.00	     3086.4000	     96.111047	     2313.1985	     19.753300
        Sample	        677.00	     2930.4000	     59.344568	     2314.2478	     19.753300
        Sample	        678.00	     2830.4000	     23.701852	     2315.4208	     19.753300
        Sample	        679.00	     2878.4000	     49.888765	     2316.5479	     19.753300
        Sample	        680.00	     2954.4000	     62.666667	     2317.6965	     19.753300
        Sample	        681.00	     2730.4000	     54.666667	     2318.8546	     19.756600
        Sample	        682.00	     2642.4000	     38.389813	     2320.0017	     19.756600
        Sample	        683.00	     2610.4000	     50.964040	     2321.1684	     19.756600
        Sample	        684.00	     2586.4000	     26.699979	     2322.3393	     19.756600
        Sample	        685.00	     2482.4000	     51.794466	     2323.4969	     19.756600
        Sample	        686.00	     2562.4000	     36.490486	     2324.6524	     19.756600
        Sample	        687.00	     2382.4000	     63.161170	     2325.8063	     19.756600
        Sample	        688.00	     2418.4000	     43.919118	     2326.9604	     19.750000
        Sample	        689.00	     2254.4000	     54.061693	     2328.1236	     19.750000
        Sample	        690.00	     2186.4000	     53.015721	     2329.2753	     19.750000
        Sample	        691.00	     2210.4000	     58.742375	     2330.4405	     19.750000
        Sample	        692.00	     2202.4000	     51.450084	     2331.5838	     19.750000
        Sample	        693.00	     2206.4000	     61.910329	     2332.7554	     19.750000
        Sample	        694.00	     2070.4000	     78.610149	     2333.9067	     19.750000
        Sample	        695.00	     2086.4000	     54.258640	     2335.0516	     19.750000
        Sample	        696.00	     1958.4000	     47.328638	     2336.2143	     19.760000
        Sample	        697.00	     1926.4000	     54.258640	     2337.3639	     19.760000
        Sample	        698.00	     1918.4000	     72.049366	     2338.5202	     19.760000
        Sample	        699.00	     1866.4000	     34.794636	     2339.6766	     19.760000
        Sample	        700.00	     1842.4000	     52.476450	     2340.8386	     19.760000
        Sample	        701.00	     1822.4000	     54.061693	     2341.9830	     19.760000
        Sample	        702.00	     1718.4000	     25.298221	     2343.1313	     19.760000
        Sample	        703.00	     1698.4000	     39.665266	     2344.3043	     19.760000
        Sample	        704.00	     1638.4000	     40.879226	     2345.4451	     19.760000
        Sample	        705.00	     1702.4000	     48.880807	     2346.6154	     19.760000
        Sample	        706.00	     1626.4000	     28.000000	     2347.7761	     19.763300
        Sample	        707.00	     1618.4000	     42.268980	     2348.9249	     19.763300
        Sample	        708.00	     1458.4000	     52.746775	     2350.0790	     19.763300
        Sample	        709.00	     1582.4000	     61.159173	     2351.2372	     19.763300
        Sample	        710.00	     1478.4000	     50.596443	     2352.3990	     19.763300
        Sample	        711.00	     1522.4000	     62.949715	     2353.5573	     19.763300
        Sample	        712.00	     1374.4000	     24.729649	     2354.7206	     19.763300
        Sample	        713.00	     1314.4000	     28.252827	     2355.8618	     19.763300
        Sample	        714.00	     1358.4000	     46.571331	     2357.0186	     19.763300
        Sample	        715.00	     1378.4000	     37.830029	     2358.1713	     19.766600
        Sample	        716.00	     1282.4000	     49.692387	     2359.2077	     19.766600
        Sample	        717.00	     1262.4000	     42.247945	     2360.3767	     19.766600
        Sample	        718.00	     1198.4000	     21.499354	     2361.4876	     19.766600
        Sample	        719.00	     1142.4000	     43.492017	     2362.6993	     19.766600
        Sample	        720.00	     1214.4000	     31.664912	     2363.9491	     19.766600
        Sample	        721.00	     1178.4000	     38.297084	     2365.0589	     19.766600
        Sample	        722.00	     1126.4000	     49.098540	     2366.2455	     19.770000
        Sample	        723.00	     1030.4000	     44.141188	     2367.4135	     19.770000
        Sample	        724.00	     1114.4000	     23.437861	     2368.5718	     19.770000
        Sample	        725.00	     1038.4000	     60.516297	     2369.7170	     19.770000
        Sample	        726.00	     962.40000	     30.081371	     2370.8655	     19.770000
        Sample	        727.00	     990.40000	     26.532998	     2372.0247	     19.770000
        Sample	        728.00	     1006.4000	     34.666667	     2373.1847	     19.770000
        Sample	        729.00	     1026.4000	     37.735925	     2374.3416	     19.770000
        Sample	        730.00	     966.40000	     28.472209	     2375.4850	     19.770000
        Sample	        731.00	     994.40000	     41.505020	     2376.6510	     19.770000
        Sample	        732.00	     858.40000	     35.901099	     2377.8118	     19.770000
        Sample	        733.00	     902.40000	     24.000000	     2378.9600	     19.770000
        Sample	        734.00	     842.40000	     38.850139	     2380.1153	     19.770000
        Sample	        735.00	     814.40000	     53.399958	     2381.2743	     19.770000
        Sample	        736.00	     850.40000	     31.580585	     2382.4352	     19.770000
        Sample	        737.00	     782.40000	     45.879068	     2383.5933	     19.770000
        Sample	        738.00	     782.40000	     29.933259	     2384.7527	     19.770000
        Sample	        739.00	     794.40000	     26.297444	     2385.9092	     19.770000
        Sample	        740.00	     686.40000	     30.287511	     2387.0629	     19.770000
        Sample	        741.00	     690.40000	     28.000000	     2388.2258	     19.770000
        Sample	        742.00	     670.40000	     36.172427	     2389.3804	     19.773300
        Sample	        743.00	     706.40000	     41.761226	     2390.5318	     19.773300
        Sample	        744.00	     734.40000	     35.377331	     2391.6988	     19.773300
        Sample	        745.00	     666.40000	     21.540659	     2392.8572	     19.773300
        Sample	        746.00	     686.40000	     47.628190	     2393.9697	     19.773300
        Sample	        747.00	     670.40000	     24.440404	     2395.1573	     19.786600
        Sample	        748.00	     586.40000	     40.900964	     2396.3093	     19.773300
        Sample	        749.00	     598.40000	     25.298221	     2397.4742	     19.773300
        Sample	        750.00	     694.40000	     29.933259	     2398.6337	     19.773300
