Title=Muestra_37C_2ml PBS sin EDTA
Comment=solo rejillas de 0.5 mm
Signature=ISS_Experiment_Ver_1_0
Timestamp=Thu Jul 17 12:37:20 2025
Product=Vinci 3
SoftwareVersion=RELEASE.3.2.4
BuildNumber=518
RealTimeStart=3409.1848472

AcquisitionType=Photon Counting
AcquisitionFormat=L
AcquisitionSide=Right

Measurable=Intensity
DarkUpdatePeriodInMinutes=1000.0
MaxIterations=10

RightEmissionWavelengthBandwidth=8.0
ExcitationWavelengthBandwidth=8.0
Visualization=Y:Intensity,X:EmissionWavelength,PlotType:2D


Sample=type:label,unit:none,values:Sample
EmissionWavelength=type:numeric,unit:nm,from:490.0,to:750.0,step:1.0
ExcitationWavelength=type:numeric,unit:nm,fixed:470.0

Space=Sample,EmissionWavelength
Columns=Sample,EmissionWavelength,Intensity,IntensityStdError,RealTime,RealTemperature
Dark=83.2, 460.8
[Data]
        Sample	        490.00	     306555.20	     501.06376	     3415.8142	     20.000000
        Sample	        491.00	     344419.20	     733.01811	     3417.3277	     20.000000
        Sample	        492.00	     381159.20	     603.43461	     3418.4828	     20.000000
        Sample	        493.00	     413947.20	     608.49687	     3419.6367	     20.000000
        Sample	        494.00	     437123.20	     556.05595	     3420.7845	     20.000000
        Sample	        495.00	     458923.20	     856.95482	     3421.9609	     20.000000
        Sample	        496.00	     466579.20	     726.22005	     3423.1068	     20.000000
        Sample	        497.00	     469087.20	     628.00000	     3424.2692	     20.000000
        Sample	        498.00	     463999.20	     449.40454	     3425.4239	     20.000000
        Sample	        499.00	     458059.20	     550.78126	     3426.5763	     20.000000
        Sample	        500.00	     446095.20	     532.71464	     3427.7409	     19.990000
        Sample	        501.00	     432323.20	     901.04532	     3428.9065	     19.990000
        Sample	        502.00	     418099.20	     706.59119	     3430.0516	     19.990000
        Sample	        503.00	     404667.20	     911.90253	     3431.2080	     19.990000
        Sample	        504.00	     390463.20	     534.08114	     3432.3631	     19.990000
        Sample	        505.00	     378623.20	     593.54902	     3433.5235	     19.990000
        Sample	        506.00	     366407.20	     1133.7889	     3434.6814	     19.990000
        Sample	        507.00	     355843.20	     595.24635	     3435.8439	     19.990000
        Sample	        508.00	     348147.20	     646.29680	     3436.9969	     20.000000
        Sample	        509.00	     341783.20	     527.75247	     3438.1549	     20.000000
        Sample	        510.00	     335103.20	     673.84007	     3439.3068	     19.990000
        Sample	        511.00	     328895.20	     466.30272	     3440.4701	     19.990000
        Sample	        512.00	     328175.20	     830.62386	     3441.6294	     19.990000
        Sample	        513.00	     325575.20	     858.01735	     3442.7879	     19.990000
        Sample	        514.00	     322267.20	     755.34951	     3443.9458	     19.990000
        Sample	        515.00	     320319.20	     602.84511	     3445.1055	     19.990000
        Sample	        516.00	     318711.20	     644.29255	     3446.2610	     20.000000
        Sample	        517.00	     317407.20	     602.75073	     3447.4112	     19.990000
        Sample	        518.00	     313939.20	     551.58761	     3448.5670	     20.000000
        Sample	        519.00	     312975.20	     384.47424	     3449.7338	     20.000000
        Sample	        520.00	     311759.20	     825.68221	     3450.8866	     20.000000
        Sample	        521.00	     309939.20	     558.44228	     3452.0424	     20.000000
        Sample	        522.00	     305127.20	     626.61135	     3453.2044	     20.000000
        Sample	        523.00	     303867.20	     668.20622	     3454.3632	     20.000000
        Sample	        524.00	     299391.20	     566.18960	     3455.5218	     20.000000
        Sample	        525.00	     295635.20	     342.54992	     3456.6807	     20.000000
        Sample	        526.00	     290159.20	     823.22401	     3457.8340	     20.000000
        Sample	        527.00	     286247.20	     634.50558	     3458.9815	     20.000000
        Sample	        528.00	     279467.20	     516.21873	     3460.1355	     20.000000
        Sample	        529.00	     274539.20	     494.70081	     3461.3017	     20.000000
        Sample	        530.00	     266891.20	     416.70880	     3462.4683	     20.000000
        Sample	        531.00	     261831.20	     471.10461	     3463.6097	     20.000000
        Sample	        532.00	     252783.20	     687.68080	     3464.7731	     20.000000
        Sample	        533.00	     246339.20	     521.70660	     3465.9361	     20.000000
        Sample	        534.00	     237411.20	     506.09793	     3467.1042	     20.000000
        Sample	        535.00	     230763.20	     441.21851	     3468.2488	     20.003300
        Sample	        536.00	     223547.20	     497.59600	     3469.4028	     20.000000
        Sample	        537.00	     215559.20	     386.67816	     3470.5659	     20.000000
        Sample	        538.00	     206799.20	     478.33972	     3471.7112	     20.003300
        Sample	        539.00	     199535.20	     620.26374	     3472.8817	     20.003300
        Sample	        540.00	     193507.20	     364.21239	     3474.0252	     20.003300
        Sample	        541.00	     184767.20	     458.44374	     3475.1917	     20.003300
        Sample	        542.00	     177963.20	     420.71685	     3476.3566	     20.003300
        Sample	        543.00	     171331.20	     311.02983	     3477.5096	     20.003300
        Sample	        544.00	     164675.20	     539.83372	     3478.6716	     20.003300
        Sample	        545.00	     158623.20	     361.40221	     3479.8149	     20.003300
        Sample	        546.00	     151403.20	     368.59855	     3480.9832	     20.003300
        Sample	        547.00	     145923.20	     378.45064	     3482.1411	     20.003300
        Sample	        548.00	     140759.20	     261.43195	     3483.2906	     20.003300
        Sample	        549.00	     134963.20	     414.75883	     3484.4444	     20.003300
        Sample	        550.00	     130807.20	     359.90369	     3485.6075	     20.003300
        Sample	        551.00	     124927.20	     393.27909	     3486.7672	     20.003300
        Sample	        552.00	     120739.20	     351.30234	     3487.9245	     20.003300
        Sample	        553.00	     116531.20	     357.46266	     3489.0471	     20.003300
        Sample	        554.00	     112251.20	     222.69461	     3490.2286	     20.003300
        Sample	        555.00	     108599.20	     523.85749	     3491.3843	     20.003300
        Sample	        556.00	     105191.20	     333.70912	     3492.5454	     20.003300
        Sample	        557.00	     101603.20	     313.10346	     3493.7076	     20.006600
        Sample	        558.00	     98251.200	     331.50432	     3494.8497	     20.006600
        Sample	        559.00	     95103.200	     254.06561	     3496.0087	     20.006600
        Sample	        560.00	     91807.200	     359.80489	     3497.1644	     20.006600
        Sample	        561.00	     88827.200	     309.76981	     3498.3166	     20.006600
        Sample	        562.00	     86147.200	     194.11795	     3499.4660	     20.006600
        Sample	        563.00	     83403.200	     354.83705	     3500.6314	     20.006600
        Sample	        564.00	     80611.200	     398.03071	     3501.7876	     20.006600
        Sample	        565.00	     78475.200	     258.21266	     3502.9455	     20.006600
        Sample	        566.00	     76307.200	     360.82868	     3504.1101	     20.006600
        Sample	        567.00	     74067.200	     190.23261	     3505.2697	     20.006600
        Sample	        568.00	     71087.200	     253.54728	     3506.4223	     20.006600
        Sample	        569.00	     69159.200	     349.23408	     3507.5901	     20.010000
        Sample	        570.00	     67031.200	     412.43127	     3508.7378	     20.010000
        Sample	        571.00	     65163.200	     226.05407	     3509.8888	     20.010000
        Sample	        572.00	     63343.200	     218.80077	     3511.0455	     20.010000
        Sample	        573.00	     61643.200	     229.25580	     3512.2063	     20.010000
        Sample	        574.00	     58843.200	     242.66667	     3513.3651	     20.010000
        Sample	        575.00	     57359.200	     279.63468	     3514.5223	     20.010000
        Sample	        576.00	     55891.200	     231.30932	     3515.6761	     20.010000
        Sample	        577.00	     53803.200	     152.86305	     3516.8313	     20.010000
        Sample	        578.00	     52127.200	     157.88040	     3517.9860	     20.010000
        Sample	        579.00	     50499.200	     237.69261	     3519.1541	     20.010000
        Sample	        580.00	     48835.200	     142.51082	     3520.3113	     20.010000
        Sample	        581.00	     47019.200	     261.75476	     3521.4640	     20.010000
        Sample	        582.00	     45571.200	     252.61653	     3522.6195	     20.010000
        Sample	        583.00	     44227.200	     186.93314	     3523.7771	     20.010000
        Sample	        584.00	     43303.200	     207.88458	     3524.9393	     20.010000
        Sample	        585.00	     41603.200	     236.35754	     3526.0972	     20.010000
        Sample	        586.00	     40319.200	     232.18766	     3527.2458	     20.010000
        Sample	        587.00	     38875.200	     141.25784	     3528.4011	     20.010000
        Sample	        588.00	     37595.200	     199.66194	     3529.5605	     20.010000
        Sample	        589.00	     36635.200	     225.89673	     3530.7147	     20.010000
        Sample	        590.00	     35275.200	     215.09274	     3531.8765	     20.010000
        Sample	        591.00	     33747.200	     193.93470	     3533.0382	     20.013300
        Sample	        592.00	     33171.200	     177.26816	     3534.1833	     20.013300
        Sample	        593.00	     31587.200	     251.48802	     3535.3527	     20.013300
        Sample	        594.00	     30907.200	     141.58468	     3536.4977	     20.013300
        Sample	        595.00	     29931.200	     183.96135	     3537.6640	     20.013300
        Sample	        596.00	     29067.200	     180.94075	     3538.8201	     20.013300
        Sample	        597.00	     28207.200	     159.33752	     3539.9746	     20.013300
        Sample	        598.00	     27211.200	     244.68029	     3541.1393	     20.013300
        Sample	        599.00	     26139.200	     117.30303	     3542.2850	     20.013300
        Sample	        600.00	     25515.200	     152.74670	     3543.4366	     20.013300
        Sample	        601.00	     24907.200	     93.865152	     3544.5911	     20.013300
        Sample	        602.00	     24051.200	     96.295840	     3545.7472	     20.013300
        Sample	        603.00	     23603.200	     179.89627	     3546.9003	     20.026600
        Sample	        604.00	     22619.200	     273.90185	     3548.0574	     20.026600
        Sample	        605.00	     21899.200	     145.57167	     3549.2153	     20.026600
        Sample	        606.00	     21007.200	     156.63688	     3550.3641	     20.026600
        Sample	        607.00	     20719.200	     190.55475	     3551.5241	     20.026600
        Sample	        608.00	     20263.200	     195.36405	     3552.6675	     20.026600
        Sample	        609.00	     19203.200	     111.90472	     3553.8368	     20.026600
        Sample	        610.00	     18899.200	     158.32456	     3554.9881	     20.026600
        Sample	        611.00	     18351.200	     95.414884	     3556.1106	     20.026600
        Sample	        612.00	     18223.200	     135.24628	     3557.3089	     20.026600
        Sample	        613.00	     17311.200	     113.45875	     3558.4607	     20.026600
        Sample	        614.00	     16923.200	     127.35951	     3559.6244	     20.026600
        Sample	        615.00	     16471.200	     131.86525	     3560.7773	     20.020000
        Sample	        616.00	     16139.200	     207.24650	     3561.9483	     20.020000
        Sample	        617.00	     15519.200	     108.85260	     3563.0999	     20.020000
        Sample	        618.00	     15087.200	     131.59534	     3564.2531	     20.020000
        Sample	        619.00	     15067.200	     117.12102	     3565.4081	     20.020000
        Sample	        620.00	     14587.200	     107.46369	     3566.5766	     20.020000
        Sample	        621.00	     14255.200	     62.666667	     3567.6879	     20.020000
        Sample	        622.00	     13635.200	     107.85999	     3568.8847	     20.020000
        Sample	        623.00	     13335.200	     145.38225	     3570.0346	     20.020000
        Sample	        624.00	     12831.200	     107.00779	     3571.2012	     20.020000
        Sample	        625.00	     12691.200	     135.16081	     3572.3574	     20.020000
        Sample	        626.00	     12167.200	     84.967968	     3573.5106	     20.020000
        Sample	        627.00	     12039.200	     84.169142	     3574.6732	     20.020000
        Sample	        628.00	     11667.200	     112.94837	     3575.8318	     20.020000
        Sample	        629.00	     11283.200	     125.95590	     3576.9900	     20.020000
        Sample	        630.00	     10919.200	     120.48052	     3578.1576	     20.020000
        Sample	        631.00	     10743.200	     93.228513	     3579.3009	     20.020000
        Sample	        632.00	     10323.200	     66.719979	     3580.4251	     20.020000
        Sample	        633.00	     9971.2000	     59.568821	     3581.6143	     20.020000
        Sample	        634.00	     9747.2000	     51.914460	     3582.7334	     20.033300
        Sample	        635.00	     9615.2000	     123.71293	     3583.9348	     20.033300
        Sample	        636.00	     9275.2000	     58.179798	     3585.0811	     20.033300
        Sample	        637.00	     9027.2000	     91.758136	     3586.2329	     20.033300
        Sample	        638.00	     8783.2000	     93.798839	     3587.3864	     20.033300
        Sample	        639.00	     8627.2000	     74.428191	     3588.5489	     20.033300
        Sample	        640.00	     8335.2000	     79.207183	     3589.7010	     20.033300
        Sample	        641.00	     8239.2000	     76.652173	     3590.8584	     20.033300
        Sample	        642.00	     7975.2000	     112.89326	     3592.0051	     20.033300
        Sample	        643.00	     7707.2000	     84.074041	     3593.1664	     20.036600
        Sample	        644.00	     7471.2000	     86.214204	     3594.3266	     20.036600
        Sample	        645.00	     7267.2000	     68.715193	     3595.4877	     20.036600
        Sample	        646.00	     7303.2000	     62.666667	     3596.6049	     20.036600
        Sample	        647.00	     7071.2000	     49.188978	     3597.7961	     20.036600
        Sample	        648.00	     6971.2000	     65.537097	     3598.9488	     20.036600
        Sample	        649.00	     6583.2000	     51.103381	     3600.1222	     20.036600
        Sample	        650.00	     6411.2000	     93.675563	     3601.2698	     20.036600
        Sample	        651.00	     6327.2000	     78.666667	     3602.4323	     20.030000
        Sample	        652.00	     6159.2000	     78.937387	     3603.5829	     20.030000
        Sample	        653.00	     6023.2000	     77.160727	     3604.7355	     20.030000
        Sample	        654.00	     5747.2000	     86.574310	     3605.8926	     20.030000
        Sample	        655.00	     5667.2000	     85.956061	     3607.0514	     20.030000
        Sample	        656.00	     5459.2000	     97.797978	     3608.2015	     20.040000
        Sample	        657.00	     5351.2000	     43.430660	     3609.3623	     20.043300
        Sample	        658.00	     5275.2000	     69.844271	     3610.5183	     20.043300
        Sample	        659.00	     5035.2000	     62.311048	     3611.6657	     20.043300
        Sample	        660.00	     4995.2000	     65.101630	     3612.8207	     20.040000
        Sample	        661.00	     4815.2000	     70.666667	     3613.9833	     20.040000
        Sample	        662.00	     4735.2000	     55.441661	     3615.1373	     20.040000
        Sample	        663.00	     4567.2000	     105.33333	     3616.2952	     20.040000
        Sample	        664.00	     4555.2000	     72.344853	     3617.4394	     20.040000
        Sample	        665.00	     4387.2000	     57.441758	     3618.5954	     20.043300
        Sample	        666.00	     4403.2000	     87.473170	     3619.7675	     20.043300
        Sample	        667.00	     4163.2000	     79.151051	     3621.0149	     20.043300
        Sample	        668.00	     4083.2000	     55.361439	     3622.1675	     20.043300
        Sample	        669.00	     3955.2000	     79.598995	     3623.3433	     20.043300
        Sample	        670.00	     3727.2000	     77.757458	     3624.5904	     20.043300
        Sample	        671.00	     3951.2000	     43.838086	     3625.7643	     20.043300
        Sample	        672.00	     3655.2000	     52.814140	     3626.9944	     20.043300
        Sample	        673.00	     3543.2000	     50.754310	     3628.1570	     20.043300
        Sample	        674.00	     3483.2000	     22.469733	     3629.3059	     20.046600
        Sample	        675.00	     3343.2000	     82.720413	     3630.4589	     20.046600
        Sample	        676.00	     3223.2000	     56.395429	     3631.6328	     20.046600
        Sample	        677.00	     3327.2000	     69.806081	     3632.7787	     20.046600
        Sample	        678.00	     3095.2000	     48.971647	     3633.9293	     20.046600
        Sample	        679.00	     3043.2000	     52.051257	     3635.0839	     20.046600
        Sample	        680.00	     2927.2000	     63.958320	     3636.1970	     20.046600
        Sample	        681.00	     2843.2000	     59.985183	     3637.3849	     20.046600
        Sample	        682.00	     2743.2000	     48.607270	     3638.5544	     20.050000
        Sample	        683.00	     2791.2000	     51.656988	     3639.7126	     20.050000
        Sample	        684.00	     2675.2000	     34.357597	     3640.8570	     20.050000
        Sample	        685.00	     2591.2000	     60.236571	     3642.0247	     20.050000
        Sample	        686.00	     2527.2000	     79.341736	     3643.1792	     20.050000
        Sample	        687.00	     2567.2000	     55.313249	     3644.3402	     20.050000
        Sample	        688.00	     2415.2000	     55.761396	     3645.4922	     20.050000
        Sample	        689.00	     2423.2000	     65.169864	     3646.6716	     20.050000
        Sample	        690.00	     2411.2000	     54.585305	     3647.8164	     20.050000
        Sample	        691.00	     2279.2000	     23.285666	     3648.9503	     20.050000
        Sample	        692.00	     2263.2000	     50.048865	     3650.1352	     20.050000
        Sample	        693.00	     2211.2000	     52.931822	     3651.2966	     20.050000
        Sample	        694.00	     2039.2000	     38.758512	     3652.4494	     20.050000
        Sample	        695.00	     2139.2000	     50.596443	     3653.6060	     20.053300
        Sample	        696.00	     2011.2000	     57.750421	     3654.7651	     20.053300
        Sample	        697.00	     2007.2000	     46.970440	     3655.9286	     20.053300
        Sample	        698.00	     1907.2000	     51.570879	     3657.0710	     20.053300
        Sample	        699.00	     2015.2000	     39.754804	     3658.1199	     20.053300
        Sample	        700.00	     1851.2000	     46.110977	     3659.2895	     20.053300
        Sample	        701.00	     1823.2000	     37.923900	     3660.4479	     20.053300
        Sample	        702.00	     1739.2000	     42.583252	     3661.5974	     20.053300
        Sample	        703.00	     1727.2000	     31.580585	     3662.7593	     20.066600
        Sample	        704.00	     1715.2000	     40.966111	     3663.9127	     20.066600
        Sample	        705.00	     1619.2000	     27.325202	     3665.0742	     20.066600
        Sample	        706.00	     1575.2000	     48.971647	     3666.2169	     20.066600
        Sample	        707.00	     1539.2000	     33.199732	     3667.3797	     20.066600
        Sample	        708.00	     1467.2000	     61.622507	     3668.5321	     20.060000
        Sample	        709.00	     1531.2000	     25.157283	     3669.6942	     20.060000
        Sample	        710.00	     1435.2000	     28.095077	     3670.8050	     20.060000
        Sample	        711.00	     1443.2000	     36.368485	     3671.9979	     20.060000
        Sample	        712.00	     1403.2000	     43.492017	     3673.1676	     20.060000
        Sample	        713.00	     1355.2000	     41.397799	     3674.3266	     20.066600
        Sample	        714.00	     1311.2000	     40.900964	     3675.4644	     20.060000
        Sample	        715.00	     1283.2000	     28.095077	     3676.6052	     20.060000
        Sample	        716.00	     1287.2000	     54.666667	     3677.7797	     20.060000
        Sample	        717.00	     1211.2000	     39.463063	     3678.9322	     20.060000
        Sample	        718.00	     1231.2000	     23.888630	     3680.0980	     20.060000
        Sample	        719.00	     1155.2000	     47.777261	     3681.3470	     20.060000
        Sample	        720.00	     1139.2000	     46.571331	     3682.4950	     20.060000
        Sample	        721.00	     1055.2000	     39.754804	     3683.6433	     20.060000
        Sample	        722.00	     1095.2000	     31.804961	     3684.7985	     20.060000
        Sample	        723.00	     1047.2000	     48.826222	     3685.9567	     20.060000
        Sample	        724.00	     1015.2000	     32.359096	     3687.1237	     20.060000
        Sample	        725.00	     1035.2000	     38.735571	     3688.2859	     20.073300
        Sample	        726.00	     1047.2000	     22.350739	     3689.4357	     20.073300
        Sample	        727.00	     1003.2000	     22.469733	     3690.5914	     20.073300
        Sample	        728.00	     915.20000	     49.602867	     3691.7463	     20.073300
        Sample	        729.00	     883.20000	     24.729649	     3692.8980	     20.073300
        Sample	        730.00	     923.20000	     35.377331	     3694.0623	     20.076600
        Sample	        731.00	     867.20000	     39.009970	     3695.2073	     20.076600
        Sample	        732.00	     859.20000	     18.856181	     3696.3610	     20.076600
        Sample	        733.00	     843.20000	     48.147920	     3697.5273	     20.076600
        Sample	        734.00	     803.20000	     42.666667	     3698.6796	     20.076600
        Sample	        735.00	     775.20000	     29.484459	     3699.8398	     20.076600
        Sample	        736.00	     755.20000	     29.933259	     3700.9904	     20.076600
        Sample	        737.00	     771.20000	     34.666667	     3702.1227	     20.076600
        Sample	        738.00	     767.20000	     37.261836	     3703.3207	     20.076600
        Sample	        739.00	     739.20000	     50.946595	     3704.4670	     20.070000
        Sample	        740.00	     679.20000	     36.392918	     3705.5826	     20.070000
        Sample	        741.00	     691.20000	     22.939534	     3706.7847	     20.070000
        Sample	        742.00	     651.20000	     22.150997	     3707.9365	     20.080000
        Sample	        743.00	     691.20000	     26.532998	     3709.0952	     20.080000
        Sample	        744.00	     623.20000	     31.804961	     3710.2585	     20.080000
        Sample	        745.00	     567.20000	     29.242283	     3711.4131	     20.070000
        Sample	        746.00	     619.20000	     27.325202	     3712.5587	     20.070000
        Sample	        747.00	     619.20000	     15.776213	     3713.7395	     20.070000
        Sample	        748.00	     575.20000	     33.967305	     3714.8831	     20.070000
        Sample	        749.00	     571.20000	     30.287511	     3716.0481	     20.080000
        Sample	        750.00	     591.20000	     34.279894	     3717.1946	     20.080000
