Title=Positivo_4C sin EDTA
Comment=solo rejillas de 0.5 mm
Signature=ISS_Experiment_Ver_1_0
Timestamp=Thu Jul 17 11:58:42 2025
Product=Vinci 3
SoftwareVersion=RELEASE.3.2.4
BuildNumber=518
RealTimeStart=1087.6579902

AcquisitionType=Photon Counting
AcquisitionFormat=L
AcquisitionSide=Right

Measurable=Intensity
DarkUpdatePeriodInMinutes=1000.0
MaxIterations=10

RightEmissionWavelengthBandwidth=8.0
ExcitationWavelengthBandwidth=8.0
Visualization=Y:Intensity,X:EmissionWavelength,PlotType:2D


Sample=type:label,unit:none,values:Sample
EmissionWavelength=type:numeric,unit:nm,from:490.0,to:750.0,step:1.0
ExcitationWavelength=type:numeric,unit:nm,fixed:470.0

Space=Sample,EmissionWavelength
Columns=Sample,EmissionWavelength,Intensity,IntensityStdError,RealTime,RealTemperature
Dark=73.6, 446.4
[Data]
        Sample	        490.00	     53689.600	     367.97101	     1098.7738	     19.476600
        Sample	        491.00	     70041.600	     319.48848	     1100.2107	     19.476600
        Sample	        492.00	     91101.600	     171.17113	     1101.3594	     19.476600
        Sample	        493.00	     115249.60	     586.36962	     1102.5246	     19.473300
        Sample	        494.00	     140289.60	     2722.3467	     1103.6830	     19.473300
        Sample	        495.00	     172293.60	     428.92113	     1104.7428	     19.473300
        Sample	        496.00	     195057.60	     431.48117	     1105.8978	     19.460000
        Sample	        497.00	     220425.60	     632.84332	     1107.0582	     19.460000
        Sample	        498.00	     235689.60	     1248.8743	     1108.2137	     19.460000
        Sample	        499.00	     253041.60	     725.94582	     1109.3670	     19.460000
        Sample	        500.00	     265929.60	     543.67310	     1110.5322	     19.460000
        Sample	        501.00	     276945.60	     747.61369	     1111.6888	     19.460000
        Sample	        502.00	     281553.60	     589.47811	     1112.8503	     19.466600
        Sample	        503.00	     280313.60	     691.94733	     1113.9916	     19.466600
        Sample	        504.00	     274929.60	     1267.0203	     1115.1601	     19.466600
        Sample	        505.00	     267997.60	     927.34172	     1116.3195	     19.453300
        Sample	        506.00	     264469.60	     345.91971	     1117.4742	     19.453300
        Sample	        507.00	     259261.60	     786.05739	     1118.6305	     19.453300
        Sample	        508.00	     261401.60	     1506.5817	     1119.8041	     19.453300
        Sample	        509.00	     272541.60	     1186.8622	     1121.0442	     19.453300
        Sample	        510.00	     271057.60	     690.04863	     1122.2003	     19.450000
        Sample	        511.00	     272781.60	     261.82607	     1123.3602	     19.450000
        Sample	        512.00	     272409.60	     1028.7287	     1124.5216	     19.450000
        Sample	        513.00	     271893.60	     948.77231	     1125.6765	     19.450000
        Sample	        514.00	     267249.60	     1736.9316	     1126.8282	     19.450000
        Sample	        515.00	     261045.60	     656.29397	     1127.9861	     19.450000
        Sample	        516.00	     259357.60	     550.08525	     1129.1334	     19.450000
        Sample	        517.00	     262385.60	     1342.5124	     1130.2804	     19.450000
        Sample	        518.00	     269561.60	     935.11829	     1131.3988	     19.450000
        Sample	        519.00	     267049.60	     891.58436	     1132.5924	     19.446600
        Sample	        520.00	     273577.60	     845.63612	     1133.7488	     19.446600
        Sample	        521.00	     277221.60	     592.21768	     1134.9010	     19.446600
        Sample	        522.00	     275805.60	     886.14120	     1136.0549	     19.446600
        Sample	        523.00	     275469.60	     919.50615	     1137.2189	     19.446600
        Sample	        524.00	     268377.60	     556.08792	     1138.3739	     19.443300
        Sample	        525.00	     266977.60	     888.62841	     1139.5166	     19.443300
        Sample	        526.00	     260677.60	     565.41666	     1140.6749	     19.443300
        Sample	        527.00	     255917.60	     835.10638	     1141.8491	     19.443300
        Sample	        528.00	     252461.60	     725.36397	     1142.9951	     19.443300
        Sample	        529.00	     247973.60	     834.35670	     1144.1538	     19.443300
        Sample	        530.00	     239937.60	     716.06828	     1145.3098	     19.443300
        Sample	        531.00	     235217.60	     402.66667	     1146.4605	     19.443300
        Sample	        532.00	     231049.60	     819.17465	     1147.6250	     19.443300
        Sample	        533.00	     226205.60	     688.80702	     1148.7813	     19.443300
        Sample	        534.00	     219945.60	     562.49602	     1149.9302	     19.443300
        Sample	        535.00	     214017.60	     698.09137	     1151.0817	     19.443300
        Sample	        536.00	     210769.60	     675.57251	     1152.2249	     19.440000
        Sample	        537.00	     209257.60	     1039.9863	     1153.3831	     19.440000
        Sample	        538.00	     205141.60	     711.58165	     1154.5449	     19.430000
        Sample	        539.00	     197377.60	     545.20781	     1155.6959	     19.430000
        Sample	        540.00	     190813.60	     732.92716	     1156.8534	     19.430000
        Sample	        541.00	     182137.60	     542.49465	     1158.0084	     19.430000
        Sample	        542.00	     172177.60	     558.28945	     1159.1727	     19.430000
        Sample	        543.00	     167137.60	     559.52996	     1160.3442	     19.436600
        Sample	        544.00	     163581.60	     268.99318	     1161.4897	     19.436600
        Sample	        545.00	     157397.60	     706.50187	     1162.6464	     19.436600
        Sample	        546.00	     151925.60	     416.46342	     1163.8190	     19.436600
        Sample	        547.00	     142077.60	     557.05416	     1164.9666	     19.436600
        Sample	        548.00	     133481.60	     452.73686	     1166.1337	     19.436600
        Sample	        549.00	     128037.60	     493.34955	     1167.3043	     19.430000
        Sample	        550.00	     123129.60	     454.75073	     1168.5497	     19.430000
        Sample	        551.00	     119365.60	     225.17549	     1169.7048	     19.430000
        Sample	        552.00	     118089.60	     564.18122	     1170.8629	     19.430000
        Sample	        553.00	     111809.60	     1063.8329	     1172.0224	     19.433300
        Sample	        554.00	     103549.60	     319.30202	     1173.1310	     19.433300
        Sample	        555.00	     101501.60	     430.15449	     1174.3258	     19.430000
        Sample	        556.00	     99357.600	     230.97475	     1175.4879	     19.436600
        Sample	        557.00	     96677.600	     440.13937	     1176.6423	     19.436600
        Sample	        558.00	     92277.600	     356.09986	     1177.8109	     19.436600
        Sample	        559.00	     88901.600	     272.34292	     1178.9562	     19.433300
        Sample	        560.00	     85985.600	     208.85295	     1180.0806	     19.433300
        Sample	        561.00	     82305.600	     419.89628	     1181.2735	     19.433300
        Sample	        562.00	     79321.600	     352.50469	     1182.4258	     19.433300
        Sample	        563.00	     78389.600	     330.24974	     1183.5803	     19.433300
        Sample	        564.00	     75205.600	     365.19949	     1184.7374	     19.433300
        Sample	        565.00	     71201.600	     240.79867	     1185.9027	     19.433300
        Sample	        566.00	     70361.600	     259.76400	     1187.0591	     19.433300
        Sample	        567.00	     70553.600	     320.55507	     1188.2151	     19.433300
        Sample	        568.00	     67761.600	     470.86870	     1189.3674	     19.433300
        Sample	        569.00	     66065.600	     229.37984	     1190.5347	     19.433300
        Sample	        570.00	     63645.600	     298.50293	     1191.6997	     19.420000
        Sample	        571.00	     62173.600	     196.07255	     1192.8396	     19.420000
        Sample	        572.00	     60385.600	     340.49898	     1194.0077	     19.420000
        Sample	        573.00	     58985.600	     269.04275	     1195.1505	     19.420000
        Sample	        574.00	     57609.600	     157.33333	     1196.3125	     19.420000
        Sample	        575.00	     55333.600	     297.56045	     1197.4638	     19.420000
        Sample	        576.00	     53505.600	     240.42925	     1198.6104	     19.420000
        Sample	        577.00	     52653.600	     317.05590	     1199.7698	     19.420000
        Sample	        578.00	     50729.600	     236.80841	     1200.9114	     19.420000
        Sample	        579.00	     47737.600	     307.71993	     1202.0784	     19.420000
        Sample	        580.00	     47013.600	     269.60053	     1203.2296	     19.420000
        Sample	        581.00	     43597.600	     172.86604	     1204.3867	     19.420000
        Sample	        582.00	     42085.600	     336.67921	     1205.5459	     19.433300
        Sample	        583.00	     39817.600	     270.84723	     1206.6962	     19.436600
        Sample	        584.00	     39781.600	     187.43177	     1207.8502	     19.436600
        Sample	        585.00	     39369.600	     282.60377	     1209.0227	     19.436600
        Sample	        586.00	     38333.600	     216.25088	     1210.1807	     19.433300
        Sample	        587.00	     37477.600	     126.97506	     1211.3262	     19.433300
        Sample	        588.00	     36757.600	     194.08589	     1212.4815	     19.420000
        Sample	        589.00	     35901.600	     202.21441	     1213.6319	     19.420000
        Sample	        590.00	     33321.600	     167.25762	     1214.8081	     19.420000
        Sample	        591.00	     32109.600	     162.47530	     1215.9543	     19.420000
        Sample	        592.00	     31001.600	     185.50112	     1217.1115	     19.420000
        Sample	        593.00	     29729.600	     171.60161	     1218.2693	     19.433300
        Sample	        594.00	     29745.600	     182.70073	     1219.4140	     19.433300
        Sample	        595.00	     28805.600	     138.69871	     1220.5829	     19.433300
        Sample	        596.00	     27865.600	     169.05489	     1221.7451	     19.420000
        Sample	        597.00	     27021.600	     289.73858	     1222.8860	     19.420000
        Sample	        598.00	     26829.600	     163.89156	     1224.0407	     19.420000
        Sample	        599.00	     26297.600	     159.24265	     1225.2138	     19.420000
        Sample	        600.00	     25453.600	     184.67990	     1226.3742	     19.420000
        Sample	        601.00	     24881.600	     163.60386	     1227.5176	     19.420000
        Sample	        602.00	     24265.600	     92.337545	     1228.6855	     19.420000
        Sample	        603.00	     23381.600	     162.21248	     1229.8314	     19.420000
        Sample	        604.00	     22601.600	     122.46360	     1230.9911	     19.420000
        Sample	        605.00	     22053.600	     121.65525	     1232.1553	     19.420000
        Sample	        606.00	     21069.600	     230.04927	     1233.2646	     19.420000
        Sample	        607.00	     20665.600	     172.07750	     1234.4596	     19.420000
        Sample	        608.00	     19773.600	     160.13883	     1235.6139	     19.420000
        Sample	        609.00	     19509.600	     167.22041	     1236.7747	     19.420000
        Sample	        610.00	     18697.600	     127.49902	     1237.9276	     19.420000
        Sample	        611.00	     18397.600	     113.83419	     1239.0780	     19.420000
        Sample	        612.00	     17849.600	     145.84010	     1240.2287	     19.420000
        Sample	        613.00	     17433.600	     152.02339	     1241.3932	     19.420000
        Sample	        614.00	     17105.600	     111.20352	     1242.5511	     19.420000
        Sample	        615.00	     16649.600	     130.93849	     1243.7090	     19.420000
        Sample	        616.00	     15993.600	     132.26237	     1244.8691	     19.420000
        Sample	        617.00	     15333.600	     134.56101	     1246.0312	     19.420000
        Sample	        618.00	     15193.600	     86.820377	     1247.1904	     19.420000
        Sample	        619.00	     15005.600	     111.24348	     1248.3390	     19.420000
        Sample	        620.00	     14437.600	     103.52885	     1249.4907	     19.420000
        Sample	        621.00	     14321.600	     103.07279	     1250.6353	     19.420000
        Sample	        622.00	     13857.600	     71.603848	     1251.7978	     19.420000
        Sample	        623.00	     13705.600	     107.13232	     1252.9405	     19.420000
        Sample	        624.00	     13373.600	     77.574337	     1254.0915	     19.420000
        Sample	        625.00	     13005.600	     154.00433	     1255.2667	     19.420000
        Sample	        626.00	     12665.600	     164.14628	     1256.4090	     19.420000
        Sample	        627.00	     12409.600	     131.61560	     1257.5838	     19.420000
        Sample	        628.00	     11945.600	     113.73263	     1258.7341	     19.420000
        Sample	        629.00	     11745.600	     136.86003	     1259.9036	     19.420000
        Sample	        630.00	     11469.600	     83.788092	     1261.0620	     19.420000
        Sample	        631.00	     11277.600	     82.935048	     1262.2078	     19.420000
        Sample	        632.00	     10817.600	     102.44999	     1263.3693	     19.420000
        Sample	        633.00	     10501.600	     81.551620	     1264.5255	     19.420000
        Sample	        634.00	     10181.600	     130.51011	     1265.6839	     19.420000
        Sample	        635.00	     10045.600	     104.14520	     1266.8423	     19.420000
        Sample	        636.00	     9953.6000	     99.777530	     1267.9945	     19.420000
        Sample	        637.00	     9301.6000	     67.211110	     1269.1750	     19.420000
        Sample	        638.00	     8897.6000	     86.038751	     1270.4231	     19.420000
        Sample	        639.00	     8473.6000	     110.27239	     1271.5776	     19.436600
        Sample	        640.00	     8317.6000	     84.000000	     1272.7468	     19.440000
        Sample	        641.00	     8149.6000	     111.62636	     1273.9933	     19.443300
        Sample	        642.00	     7877.6000	     55.441661	     1275.1471	     19.430000
        Sample	        643.00	     7733.6000	     44.322054	     1276.3022	     19.436600
        Sample	        644.00	     7509.6000	     121.39193	     1277.4597	     19.430000
        Sample	        645.00	     7437.6000	     66.519838	     1278.6264	     19.430000
        Sample	        646.00	     7389.6000	     54.796594	     1279.7670	     19.436600
        Sample	        647.00	     7197.6000	     107.40577	     1280.9335	     19.436600
        Sample	        648.00	     6937.6000	     116.11489	     1282.0893	     19.436600
        Sample	        649.00	     6817.6000	     90.862534	     1283.2447	     19.433300
        Sample	        650.00	     6609.6000	     67.514607	     1284.3966	     19.433300
        Sample	        651.00	     6465.6000	     89.004369	     1285.5676	     19.433300
        Sample	        652.00	     6277.6000	     80.099938	     1286.7202	     19.436600
        Sample	        653.00	     6169.6000	     80.487404	     1287.8770	     19.436600
        Sample	        654.00	     6113.6000	     111.55467	     1289.0398	     19.436600
        Sample	        655.00	     5985.6000	     66.613312	     1290.2004	     19.433300
        Sample	        656.00	     5781.6000	     71.317755	     1291.3473	     19.433300
        Sample	        657.00	     5481.6000	     69.487009	     1292.5246	     19.433300
        Sample	        658.00	     5369.6000	     38.735571	     1293.6698	     19.433300
        Sample	        659.00	     5201.6000	     90.588201	     1294.8238	     19.436600
        Sample	        660.00	     4881.6000	     88.603988	     1295.9781	     19.436600
        Sample	        661.00	     4881.6000	     66.345895	     1297.1346	     19.440000
        Sample	        662.00	     4781.6000	     80.232994	     1298.2897	     19.436600
        Sample	        663.00	     4653.6000	     79.833159	     1299.4455	     19.436600
        Sample	        664.00	     4417.6000	     109.33333	     1300.6148	     19.430000
        Sample	        665.00	     4409.6000	     75.471849	     1301.7689	     19.430000
        Sample	        666.00	     4353.6000	     85.374990	     1302.9148	     19.430000
        Sample	        667.00	     4085.6000	     77.985754	     1304.0827	     19.430000
        Sample	        668.00	     4061.6000	     52.000000	     1305.2317	     19.430000
        Sample	        669.00	     3969.6000	     92.028981	     1306.4073	     19.436600
        Sample	        670.00	     3921.6000	     62.765879	     1307.6518	     19.436600
        Sample	        671.00	     3833.6000	     47.328638	     1308.7644	     19.436600
        Sample	        672.00	     3857.6000	     64.553165	     1309.9574	     19.436600
        Sample	        673.00	     3717.6000	     70.414645	     1311.1251	     19.436600
        Sample	        674.00	     3649.6000	     90.273658	     1312.2739	     19.430000
        Sample	        675.00	     3541.6000	     54.990908	     1313.4385	     19.430000
        Sample	        676.00	     3393.6000	     79.554314	     1314.5863	     19.430000
        Sample	        677.00	     3329.6000	     65.915771	     1315.7415	     19.430000
        Sample	        678.00	     3209.6000	     77.562878	     1316.9019	     19.430000
        Sample	        679.00	     3129.6000	     59.389487	     1318.0618	     19.430000
        Sample	        680.00	     3097.6000	     55.039380	     1319.2180	     19.430000
        Sample	        681.00	     2977.6000	     71.603848	     1320.3721	     19.430000
        Sample	        682.00	     2953.6000	     52.998952	     1321.5310	     19.430000
        Sample	        683.00	     2909.6000	     64.896499	     1322.6833	     19.430000
        Sample	        684.00	     2857.6000	     79.598995	     1323.8394	     19.430000
        Sample	        685.00	     2769.6000	     71.603848	     1324.9834	     19.430000
        Sample	        686.00	     2569.6000	     53.065997	     1326.1455	     19.430000
        Sample	        687.00	     2621.6000	     74.248831	     1327.3234	     19.440000
        Sample	        688.00	     2561.6000	     81.059649	     1328.5636	     19.440000
        Sample	        689.00	     2517.6000	     43.184359	     1329.7222	     19.440000
        Sample	        690.00	     2453.6000	     50.332230	     1330.8311	     19.440000
        Sample	        691.00	     2401.6000	     23.701852	     1332.0284	     19.440000
        Sample	        692.00	     2257.6000	     55.361439	     1333.1687	     19.440000
        Sample	        693.00	     2301.6000	     68.520881	     1334.2992	     19.440000
        Sample	        694.00	     2201.6000	     34.149996	     1335.4991	     19.440000
        Sample	        695.00	     2129.6000	     29.933259	     1336.6376	     19.440000
        Sample	        696.00	     2069.6000	     77.848856	     1337.8010	     19.440000
        Sample	        697.00	     1901.6000	     40.463976	     1338.9538	     19.440000
        Sample	        698.00	     2013.6000	     51.380930	     1340.1200	     19.443300
        Sample	        699.00	     1993.6000	     72.785835	     1341.2731	     19.443300
        Sample	        700.00	     1897.6000	     48.147920	     1342.4403	     19.443300
        Sample	        701.00	     1969.6000	     37.333333	     1343.5896	     19.443300
        Sample	        702.00	     1717.6000	     65.169864	     1344.7529	     19.443300
        Sample	        703.00	     1737.6000	     65.101630	     1345.8995	     19.446600
        Sample	        704.00	     1769.6000	     59.985183	     1347.0507	     19.450000
        Sample	        705.00	     1633.6000	     45.801504	     1348.2210	     19.450000
        Sample	        706.00	     1645.6000	     29.844039	     1349.3575	     19.446600
        Sample	        707.00	     1561.6000	     63.888792	     1350.5249	     19.446600
        Sample	        708.00	     1545.6000	     41.225666	     1351.6399	     19.446600
        Sample	        709.00	     1497.6000	     44.701479	     1352.8285	     19.446600
        Sample	        710.00	     1605.6000	     49.549078	     1353.9912	     19.446600
        Sample	        711.00	     1473.6000	     40.879226	     1355.1448	     19.446600
        Sample	        712.00	     1413.6000	     35.901099	     1356.2957	     19.446600
        Sample	        713.00	     1449.6000	     35.377331	     1357.4500	     19.446600
        Sample	        714.00	     1337.6000	     37.333333	     1358.6371	     19.446600
        Sample	        715.00	     1293.6000	     41.846280	     1359.8876	     19.446600
        Sample	        716.00	     1289.6000	     53.731844	     1361.0495	     19.446600
        Sample	        717.00	     1289.6000	     51.016337	     1362.1969	     19.446600
        Sample	        718.00	     1225.6000	     66.879660	     1363.3081	     19.446600
        Sample	        719.00	     1181.6000	     49.906579	     1364.5135	     19.450000
        Sample	        720.00	     1129.6000	     37.806525	     1365.6644	     19.450000
        Sample	        721.00	     1185.6000	     39.911012	     1366.8209	     19.450000
        Sample	        722.00	     1129.6000	     39.191836	     1367.9716	     19.450000
        Sample	        723.00	     1145.6000	     57.441758	     1369.1303	     19.450000
        Sample	        724.00	     1057.6000	     28.095077	     1370.2888	     19.450000
        Sample	        725.00	     1085.6000	     53.682192	     1371.4315	     19.450000
        Sample	        726.00	     1005.6000	     41.761226	     1372.5984	     19.450000
        Sample	        727.00	     1033.6000	     34.769079	     1373.7709	     19.450000
        Sample	        728.00	     1001.6000	     31.439536	     1374.9165	     19.450000
        Sample	        729.00	     909.60000	     34.486712	     1376.0949	     19.450000
        Sample	        730.00	     893.60000	     37.830029	     1377.2418	     19.450000
        Sample	        731.00	     953.60000	     34.769079	     1378.4137	     19.450000
        Sample	        732.00	     909.60000	     33.439830	     1379.5570	     19.450000
        Sample	        733.00	     865.60000	     30.287511	     1380.7180	     19.450000
        Sample	        734.00	     785.60000	     41.225666	     1381.8666	     19.450000
        Sample	        735.00	     781.60000	     27.357713	     1383.0202	     19.450000
        Sample	        736.00	     813.60000	     32.249031	     1384.1800	     19.450000
        Sample	        737.00	     725.60000	     23.888630	     1385.3372	     19.450000
        Sample	        738.00	     713.60000	     47.328638	     1386.5099	     19.450000
        Sample	        739.00	     745.60000	     27.840817	     1387.7600	     19.450000
        Sample	        740.00	     689.60000	     31.098410	     1388.9173	     19.450000
        Sample	        741.00	     713.60000	     35.777088	     1390.0757	     19.450000
        Sample	        742.00	     733.60000	     40.987803	     1391.2403	     19.450000
        Sample	        743.00	     641.60000	     33.092463	     1392.4812	     19.453300
        Sample	        744.00	     669.60000	     32.903900	     1393.6341	     19.453300
        Sample	        745.00	     657.60000	     19.043809	     1394.7898	     19.453300
        Sample	        746.00	     705.60000	     47.628190	     1395.9451	     19.453300
        Sample	        747.00	     649.60000	     28.720879	     1397.1006	     19.453300
        Sample	        748.00	     665.60000	     17.688666	     1398.2586	     19.453300
        Sample	        749.00	     553.60000	     26.666667	     1399.4165	     19.453300
        Sample	        750.00	     601.60000	     27.840817	     1400.5918	     19.453300
