Title=Positiva_37C sin EDTA
Comment=solo rejillas de 0.5 mm
Signature=ISS_Experiment_Ver_1_0
Timestamp=Thu Jul 17 12:09:52 2025
Product=Vinci 3
SoftwareVersion=RELEASE.3.2.4
BuildNumber=518
RealTimeStart=1761.9273198

AcquisitionType=Photon Counting
AcquisitionFormat=L
AcquisitionSide=Right

Measurable=Intensity
DarkUpdatePeriodInMinutes=1000.0
MaxIterations=10

RightEmissionWavelengthBandwidth=8.0
ExcitationWavelengthBandwidth=8.0
Visualization=Y:Intensity,X:EmissionWavelength,PlotType:2D


Sample=type:label,unit:none,values:Sample
EmissionWavelength=type:numeric,unit:nm,from:490.0,to:750.0,step:1.0
ExcitationWavelength=type:numeric,unit:nm,fixed:470.0

Space=Sample,EmissionWavelength
Columns=Sample,EmissionWavelength,Intensity,IntensityStdError,RealTime,RealTemperature
Dark=68.8, 420.8
[Data]
        Sample	        490.00	     43987.200	     151.29662	     1768.5340	     19.540000
        Sample	        491.00	     57099.200	     187.04723	     1770.0523	     19.540000
        Sample	        492.00	     72635.200	     291.03341	     1771.2041	     19.540000
        Sample	        493.00	     91215.200	     350.36235	     1772.3709	     19.540000
        Sample	        494.00	     109835.20	     354.68672	     1773.5126	     19.540000
        Sample	        495.00	     127491.20	     398.29860	     1774.6824	     19.540000
        Sample	        496.00	     145271.20	     262.50418	     1775.8339	     19.540000
        Sample	        497.00	     160559.20	     401.47506	     1776.9964	     19.540000
        Sample	        498.00	     174275.20	     540.68927	     1778.1596	     19.540000
        Sample	        499.00	     184643.20	     429.41614	     1779.3167	     19.540000
        Sample	        500.00	     191939.20	     560.79309	     1780.4607	     19.540000
        Sample	        501.00	     197379.20	     340.97898	     1781.6194	     19.540000
        Sample	        502.00	     199979.20	     426.54165	     1782.7845	     19.553300
        Sample	        503.00	     202359.20	     507.16642	     1783.9331	     19.553300
        Sample	        504.00	     203271.20	     561.26999	     1785.0864	     19.556600
        Sample	        505.00	     202219.20	     498.95892	     1786.2479	     19.556600
        Sample	        506.00	     202895.20	     460.66425	     1787.4026	     19.556600
        Sample	        507.00	     201919.20	     617.96080	     1788.5571	     19.556600
        Sample	        508.00	     201575.20	     399.17470	     1789.7212	     19.556600
        Sample	        509.00	     202571.20	     665.05940	     1790.8634	     19.556600
        Sample	        510.00	     201947.20	     565.01878	     1792.0162	     19.550000
        Sample	        511.00	     203367.20	     599.64582	     1793.1818	     19.550000
        Sample	        512.00	     203931.20	     514.66667	     1794.3386	     19.550000
        Sample	        513.00	     204683.20	     629.10730	     1795.5121	     19.550000
        Sample	        514.00	     206287.20	     322.98882	     1796.7583	     19.550000
        Sample	        515.00	     207315.20	     515.06030	     1797.8747	     19.560000
        Sample	        516.00	     207919.20	     440.81742	     1799.0593	     19.550000
        Sample	        517.00	     209403.20	     463.61670	     1800.1842	     19.560000
        Sample	        518.00	     209075.20	     439.44207	     1801.3700	     19.560000
        Sample	        519.00	     209871.20	     629.32910	     1802.5376	     19.560000
        Sample	        520.00	     209199.20	     518.87913	     1803.6820	     19.560000
        Sample	        521.00	     210771.20	     618.00539	     1804.8478	     19.560000
        Sample	        522.00	     208275.20	     541.31363	     1806.0038	     19.563300
        Sample	        523.00	     208479.20	     238.38344	     1807.1549	     19.563300
        Sample	        524.00	     207211.20	     619.06883	     1808.3094	     19.563300
        Sample	        525.00	     206331.20	     270.36108	     1809.4566	     19.563300
        Sample	        526.00	     202723.20	     501.94998	     1810.6215	     19.563300
        Sample	        527.00	     200003.20	     570.91583	     1811.7784	     19.563300
        Sample	        528.00	     197295.20	     451.11024	     1812.9399	     19.566600
        Sample	        529.00	     193895.20	     562.13719	     1814.0920	     19.566600
        Sample	        530.00	     190115.20	     355.33771	     1815.2588	     19.566600
        Sample	        531.00	     186319.20	     461.58182	     1816.4240	     19.566600
        Sample	        532.00	     181271.20	     580.79027	     1817.5673	     19.570000
        Sample	        533.00	     176531.20	     665.70063	     1818.7201	     19.570000
        Sample	        534.00	     171439.20	     285.79713	     1819.8769	     19.570000
        Sample	        535.00	     166019.20	     352.61562	     1821.0405	     19.570000
        Sample	        536.00	     160463.20	     278.18140	     1822.1917	     19.570000
        Sample	        537.00	     156623.20	     513.23635	     1823.3514	     19.570000
        Sample	        538.00	     150175.20	     393.52312	     1824.5315	     19.570000
        Sample	        539.00	     144855.20	     458.92435	     1825.7700	     19.570000
        Sample	        540.00	     140487.20	     378.53754	     1826.8875	     19.570000
        Sample	        541.00	     134859.20	     368.82998	     1828.0866	     19.570000
        Sample	        542.00	     129779.20	     387.12616	     1829.2055	     19.570000
        Sample	        543.00	     125279.20	     290.97537	     1830.3979	     19.570000
        Sample	        544.00	     120311.20	     408.22869	     1831.5574	     19.573300
        Sample	        545.00	     116267.20	     399.01211	     1832.7059	     19.573300
        Sample	        546.00	     111351.20	     300.87576	     1833.8591	     19.573300
        Sample	        547.00	     107367.20	     216.39881	     1835.0234	     19.573300
        Sample	        548.00	     103075.20	     231.41689	     1836.1825	     19.573300
        Sample	        549.00	     99463.200	     378.36843	     1837.3214	     19.573300
        Sample	        550.00	     95563.200	     395.94388	     1838.4969	     19.586600
        Sample	        551.00	     92183.200	     413.86847	     1839.6476	     19.586600
        Sample	        552.00	     89107.200	     243.29589	     1840.7909	     19.586600
        Sample	        553.00	     85827.200	     282.20087	     1841.9433	     19.586600
        Sample	        554.00	     82667.200	     307.17639	     1843.1048	     19.586600
        Sample	        555.00	     80055.200	     249.76077	     1844.2229	     19.586600
        Sample	        556.00	     77235.200	     210.41335	     1845.4150	     19.586600
        Sample	        557.00	     74967.200	     310.75821	     1846.5813	     19.580000
        Sample	        558.00	     72443.200	     144.73885	     1847.7398	     19.580000
        Sample	        559.00	     71215.200	     276.64337	     1848.8884	     19.580000
        Sample	        560.00	     68215.200	     291.84166	     1850.0474	     19.580000
        Sample	        561.00	     66571.200	     309.65501	     1851.2175	     19.580000
        Sample	        562.00	     64519.200	     205.97735	     1852.4519	     19.580000
        Sample	        563.00	     62399.200	     278.42414	     1853.6111	     19.580000
        Sample	        564.00	     60747.200	     232.53578	     1854.7644	     19.580000
        Sample	        565.00	     59247.200	     235.74374	     1855.9259	     19.580000
        Sample	        566.00	     57459.200	     278.02478	     1857.0795	     19.593300
        Sample	        567.00	     55835.200	     244.49131	     1858.2376	     19.580000
        Sample	        568.00	     54067.200	     288.30848	     1859.3793	     19.580000
        Sample	        569.00	     52623.200	     202.60087	     1860.5421	     19.593300
        Sample	        570.00	     50975.200	     241.51006	     1861.6754	     19.593300
        Sample	        571.00	     49523.200	     191.01600	     1862.8629	     19.593300
        Sample	        572.00	     48199.200	     152.05262	     1864.0259	     19.593300
        Sample	        573.00	     47007.200	     229.47670	     1865.1804	     19.593300
        Sample	        574.00	     45275.200	     284.67213	     1866.3392	     19.593300
        Sample	        575.00	     44171.200	     165.76288	     1867.4765	     19.596600
        Sample	        576.00	     42755.200	     171.18671	     1868.6411	     19.596600
        Sample	        577.00	     41811.200	     241.83006	     1869.8002	     19.596600
        Sample	        578.00	     40667.200	     133.57312	     1870.9390	     19.596600
        Sample	        579.00	     38891.200	     114.35617	     1872.1075	     19.596600
        Sample	        580.00	     37527.200	     188.66078	     1873.2664	     19.590000
        Sample	        581.00	     36807.200	     155.26894	     1874.4305	     19.590000
        Sample	        582.00	     35603.200	     133.22662	     1875.5863	     19.590000
        Sample	        583.00	     34427.200	     147.84977	     1876.7379	     19.590000
        Sample	        584.00	     33383.200	     153.58819	     1877.9009	     19.590000
        Sample	        585.00	     32695.200	     245.01791	     1879.0453	     19.590000
        Sample	        586.00	     31739.200	     277.25640	     1880.1987	     19.590000
        Sample	        587.00	     30443.200	     219.10525	     1881.3238	     19.590000
        Sample	        588.00	     29807.200	     149.07716	     1882.5288	     19.600000
        Sample	        589.00	     29111.200	     110.28045	     1883.6693	     19.600000
        Sample	        590.00	     27975.200	     180.31577	     1884.8295	     19.600000
        Sample	        591.00	     27483.200	     175.59549	     1885.9856	     19.603300
        Sample	        592.00	     26323.200	     152.63027	     1887.1418	     19.600000
        Sample	        593.00	     25455.200	     210.85645	     1888.2811	     19.600000
        Sample	        594.00	     25003.200	     139.35725	     1889.4434	     19.600000
        Sample	        595.00	     23919.200	     145.72424	     1890.6002	     19.603300
        Sample	        596.00	     23607.200	     104.82578	     1891.7578	     19.603300
        Sample	        597.00	     22719.200	     139.61853	     1892.9125	     19.603300
        Sample	        598.00	     22091.200	     163.60386	     1894.0703	     19.603300
        Sample	        599.00	     21559.200	     92.038639	     1895.1879	     19.603300
        Sample	        600.00	     20703.200	     122.84769	     1896.3688	     19.603300
        Sample	        601.00	     20299.200	     122.92726	     1897.5337	     19.606600
        Sample	        602.00	     19763.200	     92.798467	     1898.6900	     19.606600
        Sample	        603.00	     18967.200	     144.84321	     1899.8024	     19.606600
        Sample	        604.00	     18591.200	     95.041511	     1900.9516	     19.606600
        Sample	        605.00	     18223.200	     110.66667	     1902.1598	     19.606600
        Sample	        606.00	     17523.200	     109.98182	     1903.3987	     19.606600
        Sample	        607.00	     17119.200	     133.23330	     1904.5529	     19.610000
        Sample	        608.00	     16775.200	     143.41238	     1905.7164	     19.610000
        Sample	        609.00	     16107.200	     139.81575	     1906.8802	     19.610000
        Sample	        610.00	     15443.200	     125.67330	     1908.0218	     19.610000
        Sample	        611.00	     15555.200	     135.34483	     1909.1874	     19.610000
        Sample	        612.00	     15099.200	     134.39577	     1910.3511	     19.610000
        Sample	        613.00	     14443.200	     161.68007	     1911.4942	     19.610000
        Sample	        614.00	     14087.200	     82.634402	     1912.6580	     19.610000
        Sample	        615.00	     13903.200	     112.73568	     1913.7977	     19.610000
        Sample	        616.00	     13371.200	     132.36985	     1914.9681	     19.610000
        Sample	        617.00	     13099.200	     146.30258	     1916.1184	     19.610000
        Sample	        618.00	     12839.200	     100.35493	     1917.2822	     19.610000
        Sample	        619.00	     12599.200	     104.17933	     1918.4396	     19.610000
        Sample	        620.00	     11979.200	     106.66667	     1919.5984	     19.613300
        Sample	        621.00	     11967.200	     145.69984	     1920.7493	     19.613300
        Sample	        622.00	     11415.200	     107.40577	     1921.9011	     19.613300
        Sample	        623.00	     11259.200	     74.951836	     1923.0740	     19.613300
        Sample	        624.00	     10899.200	     70.804896	     1924.1786	     19.613300
        Sample	        625.00	     10731.200	     103.76041	     1925.3325	     19.613300
        Sample	        626.00	     10599.200	     107.53811	     1926.5322	     19.613300
        Sample	        627.00	     10219.200	     134.52798	     1927.6770	     19.613300
        Sample	        628.00	     9875.2000	     47.777261	     1928.8378	     19.626600
        Sample	        629.00	     9763.2000	     151.57836	     1929.9938	     19.626600
        Sample	        630.00	     9419.2000	     95.219046	     1931.1499	     19.626600
        Sample	        631.00	     9195.2000	     97.470223	     1932.3019	     19.626600
        Sample	        632.00	     9151.2000	     74.248831	     1933.4726	     19.626600
        Sample	        633.00	     8735.2000	     94.177138	     1934.6227	     19.626600
        Sample	        634.00	     8559.2000	     79.610161	     1935.7824	     19.620000
        Sample	        635.00	     8399.2000	     60.882400	     1936.9103	     19.620000
        Sample	        636.00	     8163.2000	     95.256379	     1938.0916	     19.620000
        Sample	        637.00	     7835.2000	     78.247471	     1939.2711	     19.620000
        Sample	        638.00	     7563.2000	     69.333333	     1940.4165	     19.620000
        Sample	        639.00	     7615.2000	     82.720413	     1941.5814	     19.620000
        Sample	        640.00	     7439.2000	     117.18931	     1942.7282	     19.620000
        Sample	        641.00	     7187.2000	     108.12339	     1943.8831	     19.620000
        Sample	        642.00	     7163.2000	     119.13764	     1945.0393	     19.620000
        Sample	        643.00	     6783.2000	     125.56716	     1946.1942	     19.620000
        Sample	        644.00	     6631.2000	     106.84152	     1947.3625	     19.620000
        Sample	        645.00	     6559.2000	     96.747093	     1948.5113	     19.620000
        Sample	        646.00	     6199.2000	     69.856997	     1949.6683	     19.620000
        Sample	        647.00	     6075.2000	     89.482463	     1950.8135	     19.620000
        Sample	        648.00	     5963.2000	     98.558499	     1951.9722	     19.620000
        Sample	        649.00	     5811.2000	     41.654665	     1953.1288	     19.620000
        Sample	        650.00	     5683.2000	     82.881441	     1954.2857	     19.620000
        Sample	        651.00	     5655.2000	     58.863307	     1955.4411	     19.633300
        Sample	        652.00	     5315.2000	     56.944417	     1956.5890	     19.633300
        Sample	        653.00	     5315.2000	     74.999259	     1957.7551	     19.633300
        Sample	        654.00	     5111.2000	     44.241760	     1958.9089	     19.633300
        Sample	        655.00	     5059.2000	     87.024901	     1960.0626	     19.633300
        Sample	        656.00	     4815.2000	     51.450084	     1961.2243	     19.636600
        Sample	        657.00	     4599.2000	     82.246243	     1962.3657	     19.636600
        Sample	        658.00	     4511.2000	     84.548474	     1963.5308	     19.636600
        Sample	        659.00	     4607.2000	     73.527017	     1964.6383	     19.636600
        Sample	        660.00	     4427.2000	     43.328205	     1965.8444	     19.630000
        Sample	        661.00	     4351.2000	     57.519079	     1966.9869	     19.630000
        Sample	        662.00	     4247.2000	     53.015721	     1968.1469	     19.630000
        Sample	        663.00	     4191.2000	     53.682192	     1969.3046	     19.630000
        Sample	        664.00	     4083.2000	     66.719979	     1970.4521	     19.630000
        Sample	        665.00	     3859.2000	     66.131183	     1971.6082	     19.630000
        Sample	        666.00	     3859.2000	     92.183392	     1972.7641	     19.630000
        Sample	        667.00	     3851.2000	     72.980972	     1973.9168	     19.630000
        Sample	        668.00	     3611.2000	     106.13199	     1975.0837	     19.630000
        Sample	        669.00	     3587.2000	     58.666667	     1976.1981	     19.640000
        Sample	        670.00	     3451.2000	     41.225666	     1977.3967	     19.640000
        Sample	        671.00	     3419.2000	     72.785835	     1978.5511	     19.640000
        Sample	        672.00	     3391.2000	     67.211110	     1979.7030	     19.640000
        Sample	        673.00	     3267.2000	     52.255781	     1980.8721	     19.640000
        Sample	        674.00	     3127.2000	     34.794636	     1982.0185	     19.640000
        Sample	        675.00	     3063.2000	     57.950170	     1983.1780	     19.643300
        Sample	        676.00	     3039.2000	     53.748385	     1984.3143	     19.643300
        Sample	        677.00	     3063.2000	     66.252044	     1985.3645	     19.643300
        Sample	        678.00	     2891.2000	     57.441758	     1986.4945	     19.643300
        Sample	        679.00	     2887.2000	     66.946081	     1987.6797	     19.643300
        Sample	        680.00	     2699.2000	     37.712362	     1988.8482	     19.643300
        Sample	        681.00	     2679.2000	     48.534066	     1990.0181	     19.643300
        Sample	        682.00	     2659.2000	     53.333333	     1991.1680	     19.643300
        Sample	        683.00	     2567.2000	     48.460752	     1992.3188	     19.643300
        Sample	        684.00	     2543.2000	     59.164554	     1993.4600	     19.643300
        Sample	        685.00	     2491.2000	     59.269629	     1994.6190	     19.646600
        Sample	        686.00	     2467.2000	     52.931822	     1995.7700	     19.646600
        Sample	        687.00	     2395.2000	     51.363627	     1996.9357	     19.646600
        Sample	        688.00	     2347.2000	     32.000000	     1998.0900	     19.646600
        Sample	        689.00	     2207.2000	     73.768406	     1999.2486	     19.650000
        Sample	        690.00	     2211.2000	     44.939465	     2000.3699	     19.650000
        Sample	        691.00	     2015.2000	     34.486712	     2001.5504	     19.650000
        Sample	        692.00	     2183.2000	     45.975839	     2002.7118	     19.650000
        Sample	        693.00	     2127.2000	     46.590414	     2003.8718	     19.650000
        Sample	        694.00	     2047.2000	     35.801924	     2005.0242	     19.650000
        Sample	        695.00	     1939.2000	     37.712362	     2006.1980	     19.650000
        Sample	        696.00	     1915.2000	     51.016337	     2007.3475	     19.650000
        Sample	        697.00	     1963.2000	     37.806525	     2008.5015	     19.653300
        Sample	        698.00	     1879.2000	     37.357135	     2009.6676	     19.666600
        Sample	        699.00	     1867.2000	     27.194771	     2010.8170	     19.666600
        Sample	        700.00	     1755.2000	     56.944417	     2011.9919	     19.653300
        Sample	        701.00	     1779.2000	     27.968236	     2013.1789	     19.650000
        Sample	        702.00	     1727.2000	     42.184779	     2014.3757	     19.650000
        Sample	        703.00	     1611.2000	     38.087618	     2015.5250	     19.650000
        Sample	        704.00	     1639.2000	     55.377492	     2016.6969	     19.650000
        Sample	        705.00	     1575.2000	     32.903900	     2017.8529	     19.653300
        Sample	        706.00	     1559.2000	     40.551750	     2019.0103	     19.653300
        Sample	        707.00	     1507.2000	     55.872872	     2020.1622	     19.653300
        Sample	        708.00	     1451.2000	     50.526121	     2021.3215	     19.653300
        Sample	        709.00	     1335.2000	     52.136573	     2022.4690	     19.653300
        Sample	        710.00	     1471.2000	     44.241760	     2023.6175	     19.666600
        Sample	        711.00	     1443.2000	     35.876331	     2024.7771	     19.666600
        Sample	        712.00	     1371.2000	     37.142369	     2025.9399	     19.653300
        Sample	        713.00	     1307.2000	     47.253454	     2027.0914	     19.666600
        Sample	        714.00	     1299.2000	     48.808014	     2028.2630	     19.666600
        Sample	        715.00	     1275.2000	     37.806525	     2029.4228	     19.666600
        Sample	        716.00	     1235.2000	     37.333333	     2030.5823	     19.666600
        Sample	        717.00	     1135.2000	     66.786559	     2031.7261	     19.666600
        Sample	        718.00	     1167.2000	     39.123735	     2032.8966	     19.666600
        Sample	        719.00	     1111.2000	     29.844039	     2034.0449	     19.660000
        Sample	        720.00	     1155.2000	     28.720879	     2035.2013	     19.660000
        Sample	        721.00	     1071.2000	     46.590414	     2036.3520	     19.660000
        Sample	        722.00	     1119.2000	     58.802872	     2037.5195	     19.660000
        Sample	        723.00	     1091.2000	     40.792156	     2038.6767	     19.660000
        Sample	        724.00	     1071.2000	     49.906579	     2039.8163	     19.660000
        Sample	        725.00	     995.20000	     36.368485	     2040.9867	     19.660000
        Sample	        726.00	     923.20000	     37.333333	     2042.1438	     19.660000
        Sample	        727.00	     919.20000	     34.383459	     2043.2882	     19.660000
        Sample	        728.00	     939.20000	     34.769079	     2044.4461	     19.660000
        Sample	        729.00	     855.20000	     32.903900	     2045.6030	     19.660000
        Sample	        730.00	     911.20000	     21.540659	     2046.7544	     19.660000
        Sample	        731.00	     843.20000	     27.455014	     2047.9120	     19.660000
        Sample	        732.00	     819.20000	     29.211870	     2049.0702	     19.660000
        Sample	        733.00	     935.20000	     34.486712	     2050.2285	     19.673300
        Sample	        734.00	     875.20000	     40.088790	     2051.3852	     19.660000
        Sample	        735.00	     787.20000	     43.328205	     2052.5361	     19.660000
        Sample	        736.00	     799.20000	     45.117132	     2053.7050	     19.660000
        Sample	        737.00	     747.20000	     34.666667	     2054.8638	     19.673300
        Sample	        738.00	     731.20000	     29.694743	     2056.0208	     19.673300
        Sample	        739.00	     751.20000	     24.621580	     2057.1650	     19.673300
        Sample	        740.00	     747.20000	     30.868898	     2058.3357	     19.673300
        Sample	        741.00	     799.20000	     45.509462	     2059.4859	     19.673300
        Sample	        742.00	     711.20000	     43.019375	     2060.6295	     19.673300
        Sample	        743.00	     691.20000	     30.868898	     2061.8013	     19.673300
        Sample	        744.00	     635.20000	     46.264938	     2062.9519	     19.673300
        Sample	        745.00	     647.20000	     32.138589	     2064.1173	     19.676600
        Sample	        746.00	     635.20000	     36.854067	     2065.2590	     19.676600
        Sample	        747.00	     643.20000	     35.876331	     2066.4143	     19.676600
        Sample	        748.00	     627.20000	     45.333333	     2067.5734	     19.673300
        Sample	        749.00	     591.20000	     25.333333	     2068.7566	     19.676600
        Sample	        750.00	     543.20000	     24.184476	     2069.9973	     19.676600
