Title=Positivo_37C_2ml PBS sin EDTA
Comment=solo rejillas de 0.5 mm
Signature=ISS_Experiment_Ver_1_0
Timestamp=Thu Jul 17 12:31:55 2025
Product=Vinci 3
SoftwareVersion=RELEASE.3.2.4
BuildNumber=518
RealTimeStart=3084.818061

AcquisitionType=Photon Counting
AcquisitionFormat=L
AcquisitionSide=Right

Measurable=Intensity
DarkUpdatePeriodInMinutes=1000.0
MaxIterations=10

RightEmissionWavelengthBandwidth=8.0
ExcitationWavelengthBandwidth=8.0
Visualization=Y:Intensity,X:EmissionWavelength,PlotType:2D


Sample=type:label,unit:none,values:Sample
EmissionWavelength=type:numeric,unit:nm,from:490.0,to:750.0,step:1.0
ExcitationWavelength=type:numeric,unit:nm,fixed:470.0

Space=Sample,EmissionWavelength
Columns=Sample,EmissionWavelength,Intensity,IntensityStdError,RealTime,RealTemperature
Dark=75.2, 467.2
[Data]
        Sample	        490.00	     313724.80	     840.22854	     3091.3837	     19.916600
        Sample	        491.00	     353456.80	     513.30563	     3092.9022	     19.916600
        Sample	        492.00	     391868.80	     758.48270	     3094.0655	     19.916600
        Sample	        493.00	     428420.80	     547.86211	     3095.2190	     19.916600
        Sample	        494.00	     457252.80	     966.20219	     3096.3826	     19.916600
        Sample	        495.00	     476332.80	     773.67808	     3097.5337	     19.916600
        Sample	        496.00	     485568.80	     533.41499	     3098.6799	     19.916600
        Sample	        497.00	     491012.80	     725.38725	     3099.8363	     19.916600
        Sample	        498.00	     487056.80	     507.55886	     3100.9972	     19.916600
        Sample	        499.00	     480928.80	     439.41173	     3102.1491	     19.916600
        Sample	        500.00	     470344.80	     640.52895	     3103.3119	     19.916600
        Sample	        501.00	     456668.80	     996.13832	     3104.4702	     19.913300
        Sample	        502.00	     440104.80	     852.12519	     3105.6214	     19.916600
        Sample	        503.00	     426056.80	     737.30922	     3106.7809	     19.913300
        Sample	        504.00	     411352.80	     880.34842	     3107.9357	     19.913300
        Sample	        505.00	     395824.80	     744.16366	     3109.0906	     19.916600
        Sample	        506.00	     385760.80	     610.34198	     3110.2429	     19.916600
        Sample	        507.00	     375440.80	     759.32251	     3111.3944	     19.916600
        Sample	        508.00	     365676.80	     690.71814	     3112.5405	     19.916600
        Sample	        509.00	     358328.80	     592.88972	     3113.6998	     19.916600
        Sample	        510.00	     352408.80	     794.54697	     3114.8606	     19.916600
        Sample	        511.00	     347464.80	     694.15464	     3116.0167	     19.916600
        Sample	        512.00	     343492.80	     806.52891	     3117.1725	     19.916600
        Sample	        513.00	     342464.80	     531.39816	     3118.3235	     19.916600
        Sample	        514.00	     338360.80	     479.40890	     3119.3713	     19.916600
        Sample	        515.00	     334972.80	     340.35276	     3120.5357	     19.916600
        Sample	        516.00	     332592.80	     458.14117	     3121.6852	     19.916600
        Sample	        517.00	     331400.80	     694.28268	     3122.8400	     19.916600
        Sample	        518.00	     329644.80	     578.23640	     3124.0132	     19.916600
        Sample	        519.00	     327336.80	     491.68915	     3125.1667	     19.916600
        Sample	        520.00	     324500.80	     538.33653	     3126.3242	     19.916600
        Sample	        521.00	     323612.80	     605.13359	     3127.4819	     19.916600
        Sample	        522.00	     319364.80	     279.28798	     3128.5924	     19.916600
        Sample	        523.00	     315436.80	     958.03874	     3129.7892	     19.916600
        Sample	        524.00	     312324.80	     922.38917	     3130.9481	     19.916600
        Sample	        525.00	     306844.80	     710.62539	     3132.1006	     19.916600
        Sample	        526.00	     301620.80	     739.22001	     3133.2518	     19.916600
        Sample	        527.00	     296544.80	     489.82718	     3134.4150	     19.910000
        Sample	        528.00	     291272.80	     429.79065	     3135.5670	     19.910000
        Sample	        529.00	     285844.80	     613.99385	     3136.7246	     19.916600
        Sample	        530.00	     277972.80	     715.29326	     3137.8711	     19.916600
        Sample	        531.00	     271708.80	     806.62149	     3139.0364	     19.916600
        Sample	        532.00	     262372.80	     1071.4061	     3140.1702	     19.916600
        Sample	        533.00	     254664.80	     482.36639	     3141.1964	     19.910000
        Sample	        534.00	     245536.80	     590.51616	     3142.3657	     19.910000
        Sample	        535.00	     238500.80	     492.27996	     3143.5361	     19.910000
        Sample	        536.00	     231484.80	     583.07385	     3144.6896	     19.910000
        Sample	        537.00	     222276.80	     456.54548	     3145.8606	     19.910000
        Sample	        538.00	     213344.80	     530.82912	     3146.9886	     19.910000
        Sample	        539.00	     205752.80	     569.20217	     3148.1592	     19.910000
        Sample	        540.00	     196784.80	     324.08778	     3149.3117	     19.910000
        Sample	        541.00	     190140.80	     718.66048	     3150.4830	     19.910000
        Sample	        542.00	     181872.80	     469.44885	     3151.6298	     19.910000
        Sample	        543.00	     175408.80	     315.49326	     3152.7805	     19.910000
        Sample	        544.00	     167396.80	     557.97093	     3153.9278	     19.910000
        Sample	        545.00	     160924.80	     405.90311	     3155.0810	     19.910000
        Sample	        546.00	     154148.80	     751.65477	     3156.2425	     19.910000
        Sample	        547.00	     148600.80	     262.16534	     3157.3986	     19.910000
        Sample	        548.00	     141500.80	     341.90577	     3158.5393	     19.910000
        Sample	        549.00	     136752.80	     468.00760	     3159.6908	     19.910000
        Sample	        550.00	     130428.80	     417.02438	     3160.8491	     19.910000
        Sample	        551.00	     126120.80	     395.71258	     3161.9936	     19.910000
        Sample	        552.00	     120916.80	     578.21795	     3163.1714	     19.920000
        Sample	        553.00	     116108.80	     444.35021	     3164.3100	     19.920000
        Sample	        554.00	     112128.80	     299.53742	     3165.4747	     19.920000
        Sample	        555.00	     108300.80	     356.91518	     3166.6302	     19.920000
        Sample	        556.00	     104268.80	     291.33867	     3167.7810	     19.920000
        Sample	        557.00	     100360.80	     252.35249	     3168.9380	     19.920000
        Sample	        558.00	     96396.800	     342.80931	     3170.0974	     19.920000
        Sample	        559.00	     93492.800	     284.53471	     3171.2610	     19.920000
        Sample	        560.00	     89972.800	     269.71590	     3172.4115	     19.920000
        Sample	        561.00	     87148.800	     265.07525	     3173.5229	     19.920000
        Sample	        562.00	     84036.800	     430.49119	     3174.7256	     19.920000
        Sample	        563.00	     81576.800	     231.12863	     3175.8723	     19.920000
        Sample	        564.00	     78860.800	     255.34639	     3177.0287	     19.920000
        Sample	        565.00	     76020.800	     368.14490	     3178.1704	     19.920000
        Sample	        566.00	     73552.800	     236.73708	     3179.3117	     19.920000
        Sample	        567.00	     71136.800	     292.51097	     3180.4752	     19.923300
        Sample	        568.00	     68324.800	     225.62900	     3181.6474	     19.923300
        Sample	        569.00	     65928.800	     233.88126	     3182.8633	     19.923300
        Sample	        570.00	     63824.800	     170.96328	     3184.0406	     19.923300
        Sample	        571.00	     61740.800	     279.79675	     3185.1917	     19.923300
        Sample	        572.00	     59892.800	     235.58910	     3186.3443	     19.923300
        Sample	        573.00	     57352.800	     253.84160	     3187.5030	     19.923300
        Sample	        574.00	     55564.800	     228.52571	     3188.6547	     19.926600
        Sample	        575.00	     54092.800	     218.92667	     3189.8082	     19.926600
        Sample	        576.00	     51676.800	     175.69671	     3190.9727	     19.926600
        Sample	        577.00	     49832.800	     194.89028	     3192.1417	     19.926600
        Sample	        578.00	     47868.800	     261.63248	     3193.2899	     19.926600
        Sample	        579.00	     46512.800	     148.62331	     3194.4425	     19.926600
        Sample	        580.00	     44168.800	     246.17609	     3195.6059	     19.926600
        Sample	        581.00	     42832.800	     166.98636	     3196.7672	     19.926600
        Sample	        582.00	     41448.800	     173.68682	     3197.9260	     19.926600
        Sample	        583.00	     39784.800	     217.21878	     3199.0800	     19.926600
        Sample	        584.00	     38348.800	     188.20320	     3200.2416	     19.926600
        Sample	        585.00	     36852.800	     185.52029	     3201.3986	     19.926600
        Sample	        586.00	     35608.800	     193.81090	     3202.5422	     19.930000
        Sample	        587.00	     34328.800	     196.27192	     3203.7114	     19.930000
        Sample	        588.00	     32856.800	     111.94443	     3204.8520	     19.930000
        Sample	        589.00	     32036.800	     188.58066	     3206.0038	     19.930000
        Sample	        590.00	     30620.800	     172.49026	     3207.1579	     19.930000
        Sample	        591.00	     29448.800	     214.69979	     3208.3049	     19.930000
        Sample	        592.00	     28636.800	     181.07825	     3209.4517	     19.930000
        Sample	        593.00	     27540.800	     161.85590	     3210.6128	     19.930000
        Sample	        594.00	     26128.800	     122.41278	     3211.7816	     19.930000
        Sample	        595.00	     25264.800	     107.00779	     3212.9401	     19.930000
        Sample	        596.00	     24276.800	     216.16455	     3214.0844	     19.930000
        Sample	        597.00	     23912.800	     234.47341	     3215.2350	     19.930000
        Sample	        598.00	     22604.800	     102.90017	     3216.4076	     19.930000
        Sample	        599.00	     21992.800	     89.094207	     3217.5507	     19.930000
        Sample	        600.00	     20920.800	     140.10155	     3218.7008	     19.930000
        Sample	        601.00	     20460.800	     149.99852	     3219.8759	     19.930000
        Sample	        602.00	     19716.800	     180.19249	     3221.0210	     19.930000
        Sample	        603.00	     18980.800	     162.29466	     3222.1938	     19.930000
        Sample	        604.00	     18544.800	     101.02585	     3223.4403	     19.930000
        Sample	        605.00	     17888.800	     113.20777	     3224.5928	     19.933300
        Sample	        606.00	     17280.800	     118.81638	     3225.7508	     19.930000
        Sample	        607.00	     16448.800	     101.09621	     3226.9121	     19.930000
        Sample	        608.00	     15992.800	     149.45828	     3228.0624	     19.930000
        Sample	        609.00	     15556.800	     87.878704	     3229.2209	     19.933300
        Sample	        610.00	     14912.800	     150.05184	     3230.3531	     19.933300
        Sample	        611.00	     14420.800	     145.30275	     3231.5141	     19.933300
        Sample	        612.00	     13720.800	     108.00000	     3232.5698	     19.933300
        Sample	        613.00	     13276.800	     165.05353	     3233.7342	     19.933300
        Sample	        614.00	     12980.800	     113.41958	     3234.8783	     19.933300
        Sample	        615.00	     12636.800	     90.273658	     3236.0418	     19.946600
        Sample	        616.00	     12256.800	     124.42936	     3237.2135	     19.946600
        Sample	        617.00	     11648.800	     76.466405	     3238.3600	     19.933300
        Sample	        618.00	     11308.800	     103.65756	     3239.5236	     19.946600
        Sample	        619.00	     11044.800	     97.031495	     3240.6913	     19.946600
        Sample	        620.00	     10544.800	     118.96591	     3241.8246	     19.946600
        Sample	        621.00	     10440.800	     99.250525	     3242.9846	     19.946600
        Sample	        622.00	     10140.800	     97.214539	     3244.1493	     19.946600
        Sample	        623.00	     9604.8000	     99.563492	     3245.3092	     19.946600
        Sample	        624.00	     9464.8000	     80.894994	     3246.4578	     19.946600
        Sample	        625.00	     9132.8000	     123.07179	     3247.6096	     19.946600
        Sample	        626.00	     8676.8000	     89.482463	     3248.7774	     19.946600
        Sample	        627.00	     8484.8000	     93.865152	     3249.9339	     19.940000
        Sample	        628.00	     8288.8000	     138.74997	     3251.0873	     19.940000
        Sample	        629.00	     7992.8000	     71.367593	     3252.2387	     19.940000
        Sample	        630.00	     7740.8000	     132.23548	     3253.4156	     19.940000
        Sample	        631.00	     7668.8000	     49.243161	     3254.5622	     19.940000
        Sample	        632.00	     7164.8000	     109.75528	     3255.7259	     19.940000
        Sample	        633.00	     7180.8000	     87.391838	     3256.8730	     19.940000
        Sample	        634.00	     6776.8000	     87.726849	     3257.9854	     19.940000
        Sample	        635.00	     6720.8000	     84.337945	     3259.1815	     19.940000
        Sample	        636.00	     6492.8000	     114.38726	     3260.3557	     19.940000
        Sample	        637.00	     6168.8000	     117.21964	     3261.5894	     19.940000
        Sample	        638.00	     6148.8000	     86.861320	     3262.7534	     19.940000
        Sample	        639.00	     5872.8000	     93.571126	     3263.9013	     19.940000
        Sample	        640.00	     5628.8000	     50.314566	     3265.0652	     19.940000
        Sample	        641.00	     5504.8000	     128.03472	     3266.1988	     19.940000
        Sample	        642.00	     5300.8000	     49.817445	     3267.3569	     19.940000
        Sample	        643.00	     5044.8000	     72.492145	     3268.5179	     19.940000
        Sample	        644.00	     4872.8000	     69.346153	     3269.6688	     19.940000
        Sample	        645.00	     4764.8000	     70.250346	     3270.8213	     19.940000
        Sample	        646.00	     4744.8000	     75.436508	     3271.9893	     19.940000
        Sample	        647.00	     4576.8000	     63.512029	     3273.1348	     19.953300
        Sample	        648.00	     4332.8000	     73.996997	     3274.2922	     19.953300
        Sample	        649.00	     4244.8000	     95.368292	     3275.4488	     19.953300
        Sample	        650.00	     4224.8000	     86.625631	     3276.5987	     19.953300
        Sample	        651.00	     4076.8000	     103.82892	     3277.7662	     19.953300
        Sample	        652.00	     3872.8000	     92.038639	     3278.9139	     19.956600
        Sample	        653.00	     3704.8000	     40.900964	     3280.0700	     19.956600
        Sample	        654.00	     3736.8000	     40.639335	     3281.2297	     19.956600
        Sample	        655.00	     3520.8000	     63.399965	     3282.3737	     19.956600
        Sample	        656.00	     3412.8000	     64.221838	     3283.5282	     19.956600
        Sample	        657.00	     3420.8000	     48.000000	     3284.6868	     19.956600
        Sample	        658.00	     3220.8000	     68.455987	     3285.8078	     19.956600
        Sample	        659.00	     3124.8000	     75.141348	     3286.9902	     19.956600
        Sample	        660.00	     3052.8000	     40.442002	     3288.1572	     19.956600
        Sample	        661.00	     2984.8000	     60.823972	     3289.3156	     19.956600
        Sample	        662.00	     2912.8000	     73.333333	     3290.4628	     19.950000
        Sample	        663.00	     2840.8000	     49.549078	     3291.6112	     19.950000
        Sample	        664.00	     2704.8000	     57.209168	     3292.7797	     19.950000
        Sample	        665.00	     2660.8000	     69.487009	     3293.9300	     19.950000
        Sample	        666.00	     2608.8000	     54.796594	     3295.0845	     19.950000
        Sample	        667.00	     2572.8000	     66.932802	     3296.2458	     19.950000
        Sample	        668.00	     2432.8000	     34.896673	     3297.4035	     19.950000
        Sample	        669.00	     2368.8000	     40.639335	     3298.5615	     19.960000
        Sample	        670.00	     2308.8000	     38.735571	     3299.7112	     19.960000
        Sample	        671.00	     2304.8000	     55.313249	     3300.8754	     19.960000
        Sample	        672.00	     2172.8000	     52.323778	     3302.0289	     19.960000
        Sample	        673.00	     2184.8000	     33.757304	     3303.1914	     19.960000
        Sample	        674.00	     2100.8000	     20.483055	     3304.3397	     19.960000
        Sample	        675.00	     1976.8000	     38.850139	     3305.4978	     19.960000
        Sample	        676.00	     1972.8000	     40.442002	     3306.6439	     19.963300
        Sample	        677.00	     1936.8000	     40.639335	     3307.8044	     19.963300
        Sample	        678.00	     1852.8000	     49.531135	     3308.9660	     19.963300
        Sample	        679.00	     1724.8000	     46.875722	     3310.1173	     19.963300
        Sample	        680.00	     1744.8000	     61.694588	     3311.2705	     19.963300
        Sample	        681.00	     1740.8000	     47.628190	     3312.4369	     19.963300
        Sample	        682.00	     1628.8000	     58.484566	     3313.5966	     19.963300
        Sample	        683.00	     1584.8000	     28.000000	     3314.7546	     19.963300
        Sample	        684.00	     1568.8000	     48.607270	     3315.9127	     19.963300
        Sample	        685.00	     1472.8000	     40.987803	     3317.0660	     19.966600
        Sample	        686.00	     1508.8000	     27.455014	     3318.2197	     19.966600
        Sample	        687.00	     1424.8000	     59.044240	     3319.3756	     19.966600
        Sample	        688.00	     1388.8000	     37.806525	     3320.5264	     19.966600
        Sample	        689.00	     1464.8000	     32.138589	     3321.6904	     19.966600
        Sample	        690.00	     1340.8000	     34.666667	     3322.8509	     19.970000
        Sample	        691.00	     1320.8000	     46.590414	     3324.0018	     19.966600
        Sample	        692.00	     1300.8000	     40.353989	     3325.1709	     19.970000
        Sample	        693.00	     1280.8000	     52.000000	     3326.3108	     19.970000
        Sample	        694.00	     1220.8000	     40.792156	     3327.4688	     19.970000
        Sample	        695.00	     1156.8000	     38.735571	     3328.6221	     19.970000
        Sample	        696.00	     1232.8000	     25.473298	     3329.7779	     19.970000
        Sample	        697.00	     1112.8000	     45.898439	     3330.9371	     19.970000
        Sample	        698.00	     1108.8000	     38.273867	     3332.0981	     19.970000
        Sample	        699.00	     1132.8000	     33.730962	     3333.2528	     19.970000
        Sample	        700.00	     1072.8000	     47.422451	     3334.3996	     19.970000
        Sample	        701.00	     1020.8000	     34.666667	     3335.5615	     19.970000
        Sample	        702.00	     1004.8000	     46.875722	     3336.7136	     19.970000
        Sample	        703.00	     916.80000	     28.720879	     3337.8295	     19.970000
        Sample	        704.00	     944.80000	     42.604121	     3339.0247	     19.970000
        Sample	        705.00	     880.80000	     38.666667	     3340.1851	     19.970000
        Sample	        706.00	     912.80000	     48.166378	     3341.3438	     19.970000
        Sample	        707.00	     824.80000	     22.350739	     3342.4899	     19.970000
        Sample	        708.00	     812.80000	     29.814240	     3343.6474	     19.970000
        Sample	        709.00	     836.80000	     47.403704	     3344.8037	     19.973300
        Sample	        710.00	     812.80000	     29.814240	     3345.9566	     19.973300
        Sample	        711.00	     784.80000	     47.347416	     3347.1111	     19.973300
        Sample	        712.00	     768.80000	     30.081371	     3348.2664	     19.973300
        Sample	        713.00	     700.80000	     38.087618	     3349.4300	     19.973300
        Sample	        714.00	     696.80000	     25.612497	     3350.5825	     19.973300
        Sample	        715.00	     668.80000	     33.306656	     3351.7262	     19.973300
        Sample	        716.00	     668.80000	     42.666667	     3352.7766	     19.973300
        Sample	        717.00	     672.80000	     32.249031	     3353.9522	     19.986600
        Sample	        718.00	     636.80000	     35.876331	     3355.0951	     19.986600
        Sample	        719.00	     676.80000	     33.306656	     3356.2560	     19.986600
        Sample	        720.00	     688.80000	     47.497368	     3357.4112	     19.986600
        Sample	        721.00	     624.80000	     27.357713	     3358.5757	     19.986600
        Sample	        722.00	     624.80000	     32.138589	     3359.7284	     19.980000
        Sample	        723.00	     620.80000	     27.194771	     3360.8470	     19.980000
        Sample	        724.00	     528.80000	     26.964998	     3362.0359	     19.980000
        Sample	        725.00	     512.80000	     32.249031	     3363.2008	     19.980000
        Sample	        726.00	     548.80000	     31.098410	     3364.3532	     19.980000
        Sample	        727.00	     496.80000	     21.039645	     3365.4974	     19.980000
        Sample	        728.00	     488.80000	     30.666667	     3366.6695	     19.980000
        Sample	        729.00	     508.80000	     28.720879	     3367.8264	     19.980000
        Sample	        730.00	     472.80000	     28.126697	     3368.9877	     19.980000
        Sample	        731.00	     480.80000	     30.433899	     3370.1414	     19.980000
        Sample	        732.00	     492.80000	     20.655911	     3371.2889	     19.980000
        Sample	        733.00	     420.80000	     27.840817	     3372.4504	     19.980000
        Sample	        734.00	     476.80000	     23.247461	     3373.6051	     19.980000
        Sample	        735.00	     400.80000	     32.138589	     3374.7808	     19.980000
        Sample	        736.00	     400.80000	     23.132469	     3375.9127	     19.980000
        Sample	        737.00	     392.80000	     22.509257	     3377.0711	     19.980000
        Sample	        738.00	     376.80000	     31.240999	     3378.2238	     19.980000
        Sample	        739.00	     396.80000	     25.438379	     3379.3774	     19.993300
        Sample	        740.00	     432.80000	     26.832816	     3380.5500	     19.993300
        Sample	        741.00	     408.80000	     23.437861	     3381.6965	     19.993300
        Sample	        742.00	     380.80000	     15.549205	     3382.8558	     19.993300
        Sample	        743.00	     332.80000	     20.655911	     3384.0068	     19.993300
        Sample	        744.00	     372.80000	     32.659863	     3385.1559	     19.993300
        Sample	        745.00	     328.80000	     33.439830	     3386.3122	     19.993300
        Sample	        746.00	     320.80000	     28.000000	     3387.4766	     19.996600
        Sample	        747.00	     340.80000	     24.440404	     3388.6242	     19.996600
        Sample	        748.00	     296.80000	     26.964998	     3389.7778	     19.996600
        Sample	        749.00	     320.80000	     30.433899	     3390.9259	     19.996600
        Sample	        750.00	     316.80000	     26.127891	     3392.0967	     19.996600
