
Measurable=Ratio
RatioFilters=470.0, 470.0, 500.0, 550.0
MaxIterations=20

Space=Time,Sample,Iteration
Columns=Time,Sample,Iteration,Ratio,GPolarization,I1,I2,RatioStdError,GPolarizationStdError,I1StdError,I2StdError,RealTime,RealTemperature
Dark=86.4, 483.2
[Data]
          0.00	        Sample	             1	     3.7770733	    0.58133361	     250188.80	     66238.800	   0.013195981	  0.0020671781	     535.07383	     182.99209	     647.89875	     19.470000
          6.61	        Sample	             1	     3.9716233	    0.59771691	     261502.80	     65842.800	   0.015073477	  0.0019520842	     504.51665	     215.19685	     654.51328	     19.480000
         12.60	        Sample	             1	     4.0725088	    0.60571778	     265416.80	     65172.800	   0.014806912	  0.0021919661	     590.81033	     187.35612	     660.50155	     19.483300
         18.60	        Sample	             1	     4.1626471	    0.61260183	     268768.80	     64566.800	   0.013409402	  0.0018184353	     487.45181	     171.89654	     666.50418	     19.486600
         24.58	        Sample	             1	     4.2209409	    0.61692729	     267644.80	     63408.800	   0.016342955	  0.0021902906	     582.76726	     203.01102	     672.47881	     19.490000
         30.57	        Sample	             1	     4.2314669	    0.61769805	     267042.80	     63108.800	   0.015902867	  0.0015495123	     375.57283	     219.94449	     678.47372	     19.490000
         36.57	        Sample	             1	     4.1968401	    0.61515075	     266376.80	     63470.800	   0.012795260	  0.0019917013	     540.60785	     144.40513	     684.46558	     19.493300
         42.55	        Sample	             1	     4.2341506	    0.61789407	     267042.80	     63068.800	   0.016108265	  0.0016865602	     420.24830	     218.44619	     690.45297	     19.506600
         48.52	        Sample	             1	     4.2386821	    0.61822459	     267438.80	     63094.800	   0.014771335	  0.0015557772	     389.09855	     199.79937	     696.42440	     19.500000
         54.52	        Sample	             1	     4.2858461	    0.62163106	     267568.80	     62430.800	   0.013962842	  0.0015761368	     403.25100	     180.32193	     702.42489	     19.500000
         60.52	        Sample	             1	     4.2285123	    0.61748201	     266272.80	     62970.800	   0.011014682	  0.0015468973	     412.81473	     131.81406	     708.41631	     19.500000
         66.49	        Sample	             1	     4.2361722	    0.61804159	     265636.80	     62706.800	   0.016643276	  0.0021466042	     562.49819	     207.51918	     714.38538	     19.513300
         72.48	        Sample	             1	     4.2389875	    0.61824685	     266406.80	     62846.800	   0.014433612	  0.0017193002	     443.85749	     186.62374	     720.38076	     19.510000
         78.47	        Sample	             1	     4.2586237	    0.61967235	     266124.80	     62490.800	   0.012983995	  0.0018877731	     505.83625	     148.96909	     726.36488	     19.520000
         84.45	        Sample	             1	     4.2662483	    0.62022300	     265952.80	     62338.800	   0.015300619	  0.0019775340	     518.83189	     187.60485	     732.34934	     19.520000
         90.45	        Sample	             1	     4.2431639	    0.61855093	     266032.80	     62696.800	   0.011326210	  0.0015621812	     415.09314	     135.78621	     738.34805	     19.526600
         96.45	        Sample	             1	     4.2594605	    0.61973286	     266270.80	     62512.800	   0.013234704	  0.0017482630	     461.20460	     161.25560	     744.34483	     19.526600
        102.45	        Sample	             1	     4.2705103	    0.62053010	     267012.80	     62524.800	   0.014808366	  0.0017158626	     441.01701	     190.63550	     750.34952	     19.530000
        108.44	        Sample	             1	     4.2522409	    0.61921016	     266414.80	     62652.800	   0.017701216	  0.0018960016	     475.23490	     235.65184	     756.34468	     19.530000
        114.43	        Sample	             1	     4.2632995	    0.62001022	     266834.80	     62588.800	   0.014728981	  0.0016424894	     417.49604	     192.78786	     762.33177	     19.533300
        120.41	        Sample	             1	     4.2529253	    0.61925977	     265904.80	     62522.800	   0.015462434	  0.0013793559	     319.88287	     214.51095	     768.31571	     19.546600
        126.41	        Sample	             1	     4.2583116	    0.61964978	     266360.80	     62550.800	   0.013647581	  0.0014220799	     353.23348	     182.50364	     774.30623	     19.540000
        132.39	        Sample	             1	     4.2623739	    0.61994339	     266580.80	     62542.800	   0.012340142	  0.0014377807	     369.43656	     158.97765	     780.29082	     19.540000
        138.38	        Sample	             1	     4.2601802	    0.61978489	     266528.80	     62562.800	   0.014394000	  0.0017050801	     439.83825	     184.45424	     786.28417	     19.540000
        144.37	        Sample	             1	     4.2693441	    0.62044612	     266700.80	     62468.800	   0.012181121	  0.0013108878	     329.59816	     160.64606	     792.27445	     19.556600
        150.36	        Sample	             1	     4.2825972	    0.62139835	     265832.80	     62072.800	   0.014293654	  0.0014558967	     358.47513	     189.51239	     798.26455	     19.556600
        156.35	        Sample	             1	     4.2618361	    0.61990454	     265336.80	     62258.800	   0.015137774	  0.0014255497	     339.08235	     206.33085	     804.24632	     19.550000
        162.35	        Sample	             1	     4.2652726	    0.62015262	     264586.80	     62032.800	   0.012419124	  0.0013531868	     338.77644	     162.21883	     810.25165	     19.560000
        168.35	        Sample	             1	     4.2707115	    0.62054459	     265564.80	     62182.800	   0.014029490	  0.0016184338	     413.25002	     179.90114	     816.24701	     19.563300
        174.34	        Sample	             1	     4.2614544	    0.61987697	     264852.80	     62150.800	   0.014280409	  0.0017305338	     446.00118	     180.06490	     822.24077	     19.563300
        180.33	        Sample	             1	     4.2726562	    0.62068454	     264624.40	     61934.400	   0.018153799	  0.0018044874	     438.10573	     242.34990	     828.22993	     19.566600
        189.26	        Sample	             1	     4.2673689	    0.62030379	     264288.40	     61932.400	   0.016286662	  0.0014731843	     342.57815	     222.31841	     837.16595	     19.570000
        195.24	        Sample	             1	     4.2520401	    0.61919559	     265116.40	     62350.400	   0.015505649	  0.0020158431	     527.93042	     190.47641	     843.14174	     19.570000
        201.22	        Sample	             1	     4.2683896	    0.62037735	     264650.40	     62002.400	   0.017916038	  0.0018794697	     465.09218	     236.33874	     849.12422	     19.573300
        207.20	        Sample	             1	     4.2617568	    0.61989881	     265236.40	     62236.400	   0.012027836	  0.0015400471	     402.23455	     148.13578	     855.10510	     19.586600
        213.20	        Sample	             1	     4.2827492	    0.62140925	     266020.40	     62114.400	   0.015234901	  0.0017913669	     460.43709	     193.03886	     861.09652	     19.580000
        219.19	        Sample	             1	     4.2637690	    0.62004412	     264824.40	     62110.400	   0.014869898	  0.0014677584	     355.46234	     199.92420	     867.09615	     19.580000
        225.16	        Sample	             1	     4.2521137	    0.61920093	     264942.40	     62308.400	   0.013035617	  0.0013061014	     318.06520	     175.76240	     873.06202	     19.580000
        231.15	        Sample	             1	     4.2947693	    0.62226872	     265796.40	     61888.400	   0.013271336	  0.0016010297	     413.66017	     165.21692	     879.05497	     19.593300
        237.16	        Sample	             1	     4.2637771	    0.62004470	     264978.40	     62146.400	   0.014645408	  0.0016618285	     421.50707	     189.19219	     885.06479	     19.593300
        243.15	        Sample	             1	     4.2648250	    0.62012033	     264864.40	     62104.400	   0.012251454	  0.0011912940	     286.84087	     165.24241	     891.04898	     19.596600
        249.11	        Sample	             1	     4.2725978	    0.62068034	     265210.40	     62072.400	   0.011949111	  0.0014647693	     378.99479	     149.22325	     897.01606	     19.590000
        255.12	        Sample	             1	     4.2882466	    0.62180281	     264852.40	     61762.400	   0.018188891	  0.0019851226	     498.02367	     234.81953	     903.02174	     19.600000
        261.10	        Sample	             1	     4.2344654	    0.61791704	     264486.40	     62460.400	   0.011961359	  0.0016362811	     431.72116	     143.99634	     909.00487	     19.600000
        267.09	        Sample	             1	     4.2847707	    0.62155407	     264166.40	     61652.400	   0.012615775	  0.0015142451	     388.38939	     157.27348	     914.99366	     19.603300
        273.08	        Sample	             1	     4.2812369	    0.62130083	     265164.40	     61936.400	   0.014661718	  0.0013323674	     312.02530	     199.19575	     920.97599	     19.606600
        279.06	        Sample	             1	     4.2769213	    0.62099113	     264546.40	     61854.400	   0.010782589	  0.0011990575	     302.01429	     139.03729	     926.96027	     19.610000
        285.05	        Sample	             1	     4.2816467	    0.62133022	     265138.40	     61924.400	   0.013165862	  0.0016199268	     419.35389	     163.29437	     932.95131	     19.610000
        291.04	        Sample	             1	     4.3086721	    0.62325795	     266148.40	     61770.400	   0.012738515	  0.0012949640	     319.40043	     166.90117	     938.93726	     19.610000
        297.04	        Sample	             1	     4.3132699	    0.62358396	     264284.40	     61272.400	   0.013106048	  0.0014682507	     370.43900	     165.18634	     944.94095	     19.613300
        303.02	        Sample	             1	     4.2724884	    0.62067247	     264024.40	     61796.400	   0.012036489	  0.0015686481	     409.19407	     145.38153	     950.91524	     19.626600
        309.00	        Sample	             1	     4.2787230	    0.62112049	     264144.40	     61734.400	   0.014257862	  0.0016919222	     432.75835	     179.13476	     956.90301	     19.620000
        314.99	        Sample	             1	     4.2790441	    0.62114353	     264780.40	     61878.400	   0.015691388	  0.0014377110	     337.47390	     212.76327	     962.89286	     19.620000
        320.97	        Sample	             1	     4.2478330	    0.61889031	     264242.40	     62206.400	   0.014393301	  0.0017178942	     440.12343	     183.55553	     968.87482	     19.633300
        326.96	        Sample	             1	     4.2549795	    0.61940860	     264210.40	     62094.400	   0.014358341	  0.0017305856	     444.36969	     181.65554	     974.85513	     19.633300
        332.95	        Sample	             1	     4.2510639	    0.61912480	     264528.40	     62226.400	   0.013073595	  0.0015289816	     390.17918	     167.92229	     980.85196	     19.636600
        338.94	        Sample	             1	     4.2642587	    0.62007946	     264880.40	     62116.400	   0.012598445	  0.0015602452	     404.11853	     157.15564	     986.83834	     19.630000
        344.94	        Sample	             1	     4.2494474	    0.61900752	     263756.40	     62068.400	   0.015864837	  0.0017481062	     437.55180	     207.59221	     992.84433	     19.640000
        350.91	        Sample	             1	     4.2834471	    0.62145926	     264290.40	     61700.400	   0.017634715	  0.0014633393	     324.62318	     242.44848	     998.81653	     19.643300
        356.90	        Sample	             1	     4.2807674	    0.62126717	     264450.40	     61776.400	   0.015397036	  0.0017654330	     448.23772	     195.97798	     1004.8005	     19.643300
        362.91	        Sample	             1	     4.2354360	    0.61798788	     263420.40	     62194.400	   0.016519865	  0.0016002884	     381.78831	     225.21288	     1010.8162	     19.646600
        368.90	        Sample	             1	     4.2715636	    0.62060592	     265086.40	     62058.400	   0.016783400	  0.0013837943	     305.99071	     233.07374	     1016.7979	     19.650000
        377.85	        Sample	             1	     4.2611748	    0.61985677	     265856.40	     62390.400	   0.011054112	  0.0016192874	     433.90491	     125.80352	     1025.7529	     19.650000
        383.95	        Sample	             1	     4.2558177	    0.61946930	     263130.40	     61828.400	   0.016172457	  0.0017398849	     431.37870	     211.96375	     1031.8512	     19.653300
        389.93	        Sample	             1	     4.2755250	    0.62089081	     264186.40	     61790.400	   0.018807763	  0.0015112904	     327.33823	     260.80685	     1037.8351	     19.666600
        395.95	        Sample	             1	     4.2472661	    0.61884914	     264572.40	     62292.400	   0.014198843	  0.0014656551	     360.25108	     190.19049	     1043.8510	     19.666600
        401.93	        Sample	             1	     4.2520078	    0.61919325	     263022.40	     61858.400	   0.014696005	  0.0013743261	     322.73307	     199.87154	     1049.8316	     19.660000
        407.93	        Sample	             1	     4.2550379	    0.61941283	     264954.40	     62268.400	   0.014774827	  0.0013119852	     302.50185	     204.19341	     1055.8285	     19.660000
        413.91	        Sample	             1	     4.2741953	    0.62079523	     265104.40	     62024.400	   0.018832775	  0.0020776062	     523.17955	     244.34445	     1061.8107	     19.673300
        419.91	        Sample	             1	     4.2747233	    0.62083319	     263538.40	     61650.400	   0.011997331	  0.0017646706	     468.80722	     133.83100	     1067.8129	     19.673300
        425.90	        Sample	             1	     4.2718037	    0.62062321	     264238.40	     61856.400	   0.016132868	  0.0015209609	     360.76410	     217.80677	     1073.8020	     19.676600
        431.88	        Sample	             1	     4.2605830	    0.61981400	     263774.40	     61910.400	   0.012945989	  0.0014496870	     364.67145	     167.51811	     1079.7854	     19.670000
        437.89	        Sample	             1	     4.2750468	    0.62085644	     263994.40	     61752.400	   0.012214465	  0.0015835592	     412.60661	     147.69741	     1085.7946	     19.670000
        443.86	        Sample	             1	     4.2704985	    0.62052925	     263790.40	     61770.400	   0.011035256	  0.0015582947	     411.88041	     127.18490	     1091.7584	     19.680000
        449.86	        Sample	             1	     4.2656256	    0.62017809	     264854.40	     62090.400	   0.016433303	  0.0012536449	     260.46113	     231.27837	     1097.7658	     19.683300
        455.86	        Sample	             1	     4.2448436	    0.61867309	     264090.40	     62214.400	   0.012898425	  0.0016183946	     419.16107	     161.20598	     1103.7647	     19.686600
        461.85	        Sample	             1	     4.2579770	    0.61962557	     264328.40	     62078.400	   0.013015610	  0.0014591314	     367.91618	     168.94471	     1109.7510	     19.690000
        467.84	        Sample	             1	     4.2430384	    0.61854180	     263180.40	     62026.400	   0.013541237	  0.0022119206	     595.62811	     139.56625	     1115.7356	     19.690000
        473.82	        Sample	             1	     4.2678064	    0.62033533	     263214.40	     61674.400	   0.012844710	  0.0018000393	     474.19294	     148.69255	     1121.7234	     19.690000
        479.78	        Sample	             1	     4.2347260	    0.61793607	     262224.40	     61922.400	   0.017684611	  0.0018983942	     468.39367	     233.74480	     1127.6817	     19.690000
        485.76	        Sample	             1	     4.2864556	    0.62167468	     263344.40	     61436.400	   0.011148637	  0.0012073918	     300.48207	     143.59226	     1133.6586	     19.693300
        491.75	        Sample	             1	     4.2906805	    0.62197679	     264230.40	     61582.400	   0.015494258	  0.0018179140	     463.89109	     194.33233	     1139.6530	     19.706600
        497.74	        Sample	             1	     4.2931022	    0.62214975	     263220.40	     61312.400	   0.015257840	  0.0019378874	     501.30167	     183.97883	     1145.6402	     19.700000
        503.75	        Sample	             1	     4.2461250	    0.61876623	     263864.40	     62142.400	   0.015086276	  0.0023616807	     634.20983	     162.59993	     1151.6447	     19.700000
        509.74	        Sample	             1	     4.2401612	    0.61833235	     264740.40	     62436.400	   0.015673726	  0.0016092077	     394.88599	     211.17167	     1157.6377	     19.700000
        515.72	        Sample	             1	     4.2684086	    0.62037872	     264378.40	     61938.400	   0.012729197	  0.0014790354	     376.65453	     162.27073	     1163.6165	     19.713300
        521.69	        Sample	             1	     4.2685897	    0.62039177	     263766.40	     61792.400	   0.015069917	  0.0021025935	     554.64811	     175.23458	     1169.5881	     19.716600
        527.70	        Sample	             1	     4.2318763	    0.61772797	     263808.40	     62338.400	   0.014430027	  0.0017447174	     447.63025	     184.37719	     1175.5975	     19.716600
        533.70	        Sample	             1	     4.2550609	    0.61941450	     263330.40	     61886.400	   0.015022841	  0.0016381117	     408.13723	     196.31554	     1181.6057	     19.716600
        539.69	        Sample	             1	     4.3042470	    0.62294365	     264196.40	     61380.400	   0.015207153	  0.0014985936	     362.73203	     199.81623	     1187.5830	     19.710000
        545.69	        Sample	             1	     4.2371072	    0.61810978	     262846.40	     62034.400	   0.015619307	  0.0014596155	     341.93998	     213.96507	     1193.5919	     19.720000
        551.68	        Sample	             1	     4.2627398	    0.61996981	     263396.40	     61790.400	   0.013420328	  0.0015856528	     403.97473	     169.88913	     1199.5817	     19.723300
        557.65	        Sample	             1	     4.2715470	    0.62060473	     263862.00	     61772.000	   0.016456751	  0.0017842737	     444.89029	     213.98475	     1205.5547	     19.726600
        566.58	        Sample	             1	     4.2660188	    0.62020644	     263384.00	     61740.000	   0.012910264	  0.0014997580	     380.46620	     164.18475	     1214.4849	     19.730000
        572.58	        Sample	             1	     4.2822116	    0.62137071	     263022.00	     61422.000	   0.013079594	  0.0015568746	     396.81760	     163.12411	     1220.4802	     19.730000
        578.57	        Sample	             1	     4.2774598	    0.62102980	     263098.00	     61508.000	   0.014824996	  0.0018700122	     482.92333	     180.82617	     1226.4727	     19.730000
        584.57	        Sample	             1	     4.2366415	    0.61807582	     263392.00	     62170.000	   0.013773298	  0.0012874906	     302.27210	     189.10259	     1232.4752	     19.733300
        590.54	        Sample	             1	     4.2736781	    0.62075804	     263968.00	     61766.000	   0.016831378	  0.0020345727	     522.30582	     210.32857	     1238.4363	     19.733300
        596.45	        Sample	             1	     4.2640464	    0.62006414	     263194.00	     61724.000	   0.011954494	  0.0016274575	     426.65381	     141.18595	     1244.3485	     19.746600
        602.42	        Sample	             1	     4.2443599	    0.61863792	     263388.00	     62056.000	   0.014632390	  0.0017175843	     436.80081	     187.55827	     1250.3242	     19.740000
        608.44	        Sample	             1	     4.2664573	    0.62023807	     263522.00	     61766.000	   0.015947910	  0.0016096416	     391.27188	     211.88428	     1256.3394	     19.740000
        614.42	        Sample	             1	     4.2635056	    0.62002511	     263280.00	     61752.000	   0.014009038	  0.0017912229	     464.24676	     171.21240	     1262.3195	     19.753300
        620.40	        Sample	             1	     4.2544706	    0.61937174	     262654.00	     61736.000	   0.015231200	  0.0017436123	     439.35335	     195.40834	     1268.2998	     19.753300
        626.39	        Sample	             1	     4.2707426	    0.62054683	     262924.00	     61564.000	   0.017808336	  0.0017770474	     429.25738	     236.21756	     1274.2920	     19.756600
        632.39	        Sample	             1	     4.2664300	    0.62023610	     264348.00	     61960.000	   0.015678310	  0.0018284577	     466.01468	     199.78093	     1280.2922	     19.750000
        638.38	        Sample	             1	     4.2963228	    0.62237951	     264284.00	     61514.000	   0.013254467	  0.0015776250	     404.04377	     164.83421	     1286.2766	     19.760000
        644.37	        Sample	             1	     4.2605965	    0.61981498	     264566.00	     62096.000	   0.012250838	  0.0016420421	     431.55801	     147.03813	     1292.2706	     19.760000
        650.35	        Sample	             1	     4.2512957	    0.61914161	     262492.00	     61744.000	   0.013325878	  0.0015310280	     385.90427	     170.93181	     1298.2498	     19.760000
        656.33	        Sample	             1	     4.2518769	    0.61918376	     261652.00	     61538.000	   0.014998005	  0.0015514613	     377.49869	     198.08079	     1304.2324	     19.763300
        662.32	        Sample	             1	     4.2526050	    0.61923655	     262828.00	     61804.000	   0.010791291	  0.0013897783	     360.15085	     132.00000	     1310.2261	     19.766600
        668.30	        Sample	             1	     4.2775151	    0.62103377	     264128.00	     61748.000	   0.013770405	  0.0015632315	     395.35620	     175.98804	     1316.2001	     19.770000
        674.31	        Sample	             1	     4.2665172	    0.62024239	     262698.00	     61572.000	   0.015333621	  0.0014685142	     348.52199	     205.65684	     1322.2106	     19.770000
        680.29	        Sample	             1	     4.2588868	    0.61969138	     264298.00	     62058.000	   0.017886023	  0.0023741165	     622.23553	     215.82205	     1328.1919	     19.770000
