
Measurable=Ratio
RatioFilters=470.0, 470.0, 500.0, 550.0
MaxIterations=20

Space=Time,Sample,Iteration
Columns=Time,Sample,Iteration,Ratio,GPolarization,I1,I2,RatioStdError,GPolarizationStdError,I1StdError,I2StdError,RealTime,RealTemperature
Dark=81.6, 512.0
[Data]
          0.00	        Sample	             1	     3.7970128	    0.58307387	     255744.00	     67354.000	   0.022307724	  0.0042022866	     1144.5703	     256.35953	     1614.9481	     19.883300
          5.19	        Sample	             1	     3.8988897	    0.59174423	     263370.00	     67550.000	   0.015114311	  0.0023862360	     648.81090	     202.18751	     1620.1380	     19.883300
         11.17	        Sample	             1	     3.8567775	    0.58820432	     256360.00	     66470.000	   0.011016323	  0.0014501893	     368.68586	     164.04043	     1626.1210	     19.883300
         17.18	        Sample	             1	     3.8221979	    0.58525137	     251600.00	     65826.000	   0.014762261	  0.0021900506	     563.06380	     207.20648	     1632.1322	     19.883300
         23.16	        Sample	             1	     3.7991616	    0.58326055	     248336.00	     65366.000	   0.013618122	  0.0015049149	     345.96745	     215.88447	     1638.1057	     19.886600
         29.16	        Sample	             1	     3.7431605	    0.57834022	     243268.00	     64990.000	   0.012565408	  0.0017690984	     434.42884	     184.73252	     1644.1136	     19.886600
         35.17	        Sample	             1	     3.8031156	    0.58360361	     243156.00	     63936.000	   0.011245019	  0.0016695823	     415.04445	     154.36389	     1650.1195	     19.886600
         41.16	        Sample	             1	     3.7611680	    0.57993501	     237262.00	     63082.000	   0.013947791	  0.0017967605	     419.06437	     205.69318	     1656.1064	     19.890000
         47.16	        Sample	             1	     3.6812112	    0.57276015	     232682.00	     63208.000	   0.013133849	  0.0019849110	     474.88747	     184.97226	     1662.1088	     19.890000
         53.16	        Sample	             1	     3.6838728	    0.57300292	     230802.00	     62652.000	   0.010120529	  0.0013968924	     323.39352	     148.05120	     1668.1138	     19.890000
         59.15	        Sample	             1	     3.6699361	    0.57172862	     227492.00	     61988.000	   0.013603454	  0.0023454156	     564.13436	     170.78149	     1674.1014	     19.890000
         65.16	        Sample	             1	     3.6669478	    0.57145439	     226060.00	     61648.000	   0.014987509	  0.0021848368	     503.19485	     211.32166	     1680.1073	     19.890000
         71.13	        Sample	             1	     3.6567648	    0.57051728	     223304.00	     61066.000	   0.013416659	  0.0018794475	     422.68714	     191.93146	     1686.0772	     19.890000
         77.12	        Sample	             1	     3.6851327	    0.57311775	     221248.00	     60038.000	   0.013788458	  0.0016394122	     343.98286	     204.32946	     1692.0719	     19.893300
         83.13	        Sample	             1	     3.6173225	    0.56684854	     217676.00	     60176.000	   0.013505531	  0.0023380991	     539.61468	     168.00000	     1698.0812	     19.893300
         89.14	        Sample	             1	     3.6291767	    0.56795773	     217228.00	     59856.000	   0.010803843	  0.0017715830	     403.48482	     139.24911	     1704.0876	     19.906600
         95.12	        Sample	             1	     3.6471241	    0.56962630	     216858.00	     59460.000	   0.017145369	  0.0020390160	     417.93351	     254.95676	     1710.0700	     19.906600
        101.12	        Sample	             1	     3.6445836	    0.56939090	     214112.00	     58748.000	   0.011599316	  0.0013589418	     272.90870	     171.32303	     1716.0728	     19.906600
        107.12	        Sample	             1	     3.5975689	    0.56498749	     210134.00	     58410.000	   0.014523521	  0.0021821250	     470.99693	     196.11973	     1722.0781	     19.900000
        113.12	        Sample	             1	     3.5956517	    0.56480601	     209044.00	     58138.000	   0.012439131	  0.0015302061	     305.78837	     182.26355	     1728.0638	     19.900000
        119.10	        Sample	             1	     3.5985256	    0.56507799	     208916.00	     58056.000	   0.013270216	  0.0019140369	     405.96707	     181.95662	     1734.0515	     19.900000
        125.09	        Sample	             1	     3.5692366	    0.56229012	     207030.00	     58004.000	   0.010303174	  0.0015783610	     337.42648	     138.19589	     1740.0411	     19.900000
        131.10	        Sample	             1	     3.5680985	    0.56218107	     204502.00	     57314.000	   0.013045058	  0.0016290608	     319.93782	     189.38738	     1746.0458	     19.913300
        137.08	        Sample	             1	     3.5499405	    0.56043381	     202730.00	     57108.000	   0.011301692	  0.0013377759	     252.92354	     167.26909	     1752.0263	     19.913300
        143.06	        Sample	             1	     3.5155051	    0.55708166	     200658.00	     57078.000	   0.012368078	  0.0017397832	     350.82909	     174.25631	     1758.0073	     19.913300
        149.03	        Sample	             1	     3.5121438	    0.55675171	     200136.00	     56984.000	   0.014068353	  0.0023458334	     495.50060	     179.43537	     1763.9757	     19.916600
        155.03	        Sample	             1	     3.4888330	    0.55444990	     197140.00	     56506.000	  0.0092678935	  0.0014439995	     295.36917	     123.95160	     1769.9830	     19.910000
        161.02	        Sample	             1	     3.5234551	    0.55786010	     196940.00	     55894.000	   0.012918486	  0.0016947607	     326.52686	     182.78028	     1775.9698	     19.910000
        167.01	        Sample	             1	     3.5086870	    0.55641188	     194276.00	     55370.000	   0.014557453	  0.0021727425	     432.53086	     193.85236	     1781.9653	     19.920000
        172.99	        Sample	             1	     3.4753757	    0.55311014	     193356.00	     55636.000	   0.010759434	  0.0017676218	     359.68524	     137.68308	     1787.9460	     19.920000
        178.99	        Sample	             1	     3.4510551	    0.55066834	     191996.00	     55634.000	  0.0098984626	  0.0014309074	     278.16088	     137.71901	     1793.9402	     19.923300
        184.99	        Sample	             1	     3.4323699	    0.54877412	     189965.20	     55345.200	   0.010318100	  0.0014320223	     270.90919	     146.46070	     1799.9400	     19.926600
        193.91	        Sample	             1	     3.4228789	    0.54780584	     188495.20	     55069.200	   0.012349005	  0.0018082396	     346.36032	     170.97799	     1808.8677	     19.926600
        199.93	        Sample	             1	     3.4203959	    0.54755183	     187811.20	     54909.200	   0.012595858	  0.0016615158	     303.49543	     181.69900	     1814.8786	     19.930000
        205.92	        Sample	             1	     3.4134927	    0.54684415	     186483.20	     54631.200	   0.010901835	  0.0014760114	     270.83652	     155.39424	     1820.8686	     19.930000
        211.91	        Sample	             1	     3.4191733	    0.54742666	     185877.20	     54363.200	  0.0090146445	  0.0014817941	     290.10742	     115.51623	     1826.8668	     19.930000
        217.92	        Sample	             1	     3.3860045	    0.54400412	     184277.20	     54423.200	  0.0095379106	  0.0015316580	     295.38592	     126.06097	     1832.8676	     19.933300
        223.88	        Sample	             1	     3.3780622	    0.54317689	     183561.20	     54339.200	   0.011810285	  0.0015483379	     274.36242	     171.74277	     1838.8346	     19.946600
        229.89	        Sample	             1	     3.3881650	    0.54422863	     182443.20	     53847.200	   0.017706138	  0.0022507395	     390.24527	     256.74726	     1844.8450	     19.946600
        235.86	        Sample	             1	     3.3591774	    0.54119784	     181433.20	     54011.200	   0.011262909	  0.0016653331	     307.38935	     156.27237	     1850.8190	     19.940000
        241.86	        Sample	             1	     3.3262443	    0.53770526	     179927.20	     54093.200	   0.012708491	  0.0020363951	     383.03937	     171.61708	     1856.8092	     19.940000
        247.85	        Sample	             1	     3.3185591	    0.53688257	     179425.20	     54067.200	   0.012479496	  0.0016508853	     285.29246	     184.25154	     1862.8076	     19.940000
        253.86	        Sample	             1	     3.3158647	    0.53659344	     179213.20	     54047.200	  0.0087308792	  0.0014147683	     265.97151	     117.55044	     1868.8061	     19.953300
        259.83	        Sample	             1	     3.3207689	    0.53711942	     178349.20	     53707.200	   0.012805908	  0.0023474758	     453.98331	     155.58108	     1874.7816	     19.953300
        265.82	        Sample	             1	     3.3211106	    0.53715603	     176833.20	     53245.200	   0.014640256	  0.0021427308	     383.19955	     204.39951	     1880.7741	     19.956600
        271.82	        Sample	             1	     3.2905735	    0.53386185	     176339.20	     53589.200	   0.012229883	  0.0022257166	     425.25138	     151.55267	     1886.7677	     19.950000
        277.78	        Sample	             1	     3.2890458	    0.53369582	     175277.20	     53291.200	   0.014393915	  0.0018813833	     314.09385	     212.77119	     1892.7267	     19.950000
        283.78	        Sample	             1	     3.2763296	    0.53230921	     175615.20	     53601.200	   0.011490386	  0.0015779996	     271.01214	     168.80696	     1898.7382	     19.960000
        289.78	        Sample	             1	     3.2557337	    0.53004579	     175911.20	     54031.200	   0.013549390	  0.0020597754	     370.85960	     193.87462	     1904.7261	     19.963300
        295.75	        Sample	             1	     3.2510929	    0.52953274	     174919.20	     53803.200	   0.011955800	  0.0020128132	     373.61506	     161.06488	     1910.7030	     19.966600
        301.75	        Sample	             1	     3.2386786	    0.52815484	     173843.20	     53677.200	   0.010149148	  0.0018102050	     339.60472	     131.52626	     1916.7051	     19.966600
        307.73	        Sample	             1	     3.2173936	    0.52577345	     173093.20	     53799.200	   0.012073208	  0.0019688180	     357.68231	     168.51300	     1922.6848	     19.970000
        313.71	        Sample	             1	     3.2400877	    0.52831164	     172655.20	     53287.200	   0.011340745	  0.0017613269	     313.68640	     159.41736	     1928.6609	     19.970000
        319.69	        Sample	             1	     3.2480884	    0.52920000	     171951.20	     52939.200	   0.012179665	  0.0019819916	     357.67083	     165.16913	     1934.6424	     19.970000
        325.68	        Sample	             1	     3.2044111	    0.52430912	     170395.20	     53175.200	   0.011893440	  0.0016947671	     285.66303	     176.08371	     1940.6280	     19.973300
        331.65	        Sample	             1	     3.2003866	    0.52385335	     170213.20	     53185.200	   0.011874086	  0.0019018773	     337.37657	     166.80969	     1946.6011	     19.986600
        337.64	        Sample	             1	     3.1841111	    0.52200122	     169825.20	     53335.200	   0.012695870	  0.0016215530	     252.97015	     197.26338	     1952.5895	     19.986600
        343.62	        Sample	             1	     3.2203663	    0.52610749	     169279.20	     52565.200	   0.014812138	  0.0021628516	     367.23834	     213.19178	     1958.5721	     19.980000
        349.60	        Sample	             1	     3.1773593	    0.52122864	     169001.20	     53189.200	  0.0091230033	  0.0014601891	     256.87802	     129.56527	     1964.5507	     19.980000
        355.58	        Sample	             1	     3.1708252	    0.52047859	     168051.20	     52999.200	   0.011058150	  0.0019557815	     354.07998	     147.28705	     1970.5361	     19.980000
        361.59	        Sample	             1	     3.1663715	    0.51996600	     167359.20	     52855.200	   0.014206148	  0.0022786963	     397.12758	     201.25710	     1976.5398	     19.993300
        367.54	        Sample	             1	     3.1631659	    0.51959638	     167101.20	     52827.200	   0.011276182	  0.0018113071	     315.31939	     159.77352	     1982.4870	     19.996600
        373.53	        Sample	             1	     3.1428571	    0.51724138	     167164.80	     53188.800	   0.013142504	  0.0021116948	     367.45039	     189.21222	     1988.4774	     19.996600
        382.49	        Sample	             1	     3.1524348	    0.51835487	     166734.80	     52890.800	  0.0097686395	  0.0013987213	     229.86449	     146.78233	     1997.4348	     19.990000
        388.46	        Sample	             1	     3.1039139	    0.51266034	     164416.80	     52970.800	   0.011265277	  0.0018948410	     329.66841	     160.24915	     2003.4077	     20.000000
        394.45	        Sample	             1	     3.1593060	    0.51915055	     165562.80	     52404.800	   0.012983755	  0.0023543151	     423.06028	     168.67533	     2009.3992	     20.003300
        400.44	        Sample	             1	     3.1492237	    0.51798213	     164788.80	     52326.800	   0.014563044	  0.0016881909	     229.53316	     230.73840	     2015.3907	     20.003300
        406.41	        Sample	             1	     3.0714834	    0.50877854	     163380.80	     53192.800	   0.014677567	  0.0025141394	     437.22185	     210.59315	     2021.3630	     20.006600
        412.39	        Sample	             1	     3.1030830	    0.51256165	     166600.80	     53688.800	   0.011434964	  0.0020063608	     359.09946	     160.47036	     2027.3486	     20.010000
        418.39	        Sample	             1	     3.1169815	    0.51420719	     167714.80	     53806.800	   0.011103966	  0.0017359086	     299.01558	     165.94926	     2033.3391	     20.010000
        424.39	        Sample	             1	     3.1201998	    0.51458665	     165884.80	     53164.800	   0.013066527	  0.0021115981	     365.07072	     189.41683	     2039.3461	     20.010000
        430.37	        Sample	             1	     3.1175347	    0.51427246	     164514.80	     52770.800	   0.012831911	  0.0019117514	     315.47425	     192.19453	     2045.3256	     20.013300
        436.37	        Sample	             1	     3.0915560	    0.51118841	     163174.80	     52780.800	   0.010924769	  0.0018647577	     323.64340	     154.36389	     2051.3237	     20.026600
        442.37	        Sample	             1	     3.0999409	    0.51218809	     161490.80	     52094.800	   0.011334434	  0.0017010762	     276.08504	     168.37239	     2057.3220	     20.026600
        448.36	        Sample	             1	     3.0540762	    0.50666936	     161208.80	     52784.800	   0.012650473	  0.0022661174	     395.03124	     176.27968	     2063.3087	     20.020000
        454.36	        Sample	             1	     3.0740283	    0.50908539	     161216.80	     52444.800	   0.013904914	  0.0024297688	     420.04411	     193.92022	     2069.3173	     20.020000
        460.34	        Sample	             1	     3.0574349	    0.50707774	     159826.80	     52274.800	   0.012259402	  0.0016439543	     243.10751	     193.93922	     2075.2883	     20.020000
        466.34	        Sample	             1	     3.0532284	    0.50656618	     159600.80	     52272.800	   0.011904360	  0.0021566349	     373.61506	     162.98531	     2081.2856	     20.033300
        472.34	        Sample	             1	     3.0429508	    0.50531182	     159434.80	     52394.800	   0.011696079	  0.0019140607	     318.34407	     172.08260	     2087.3009	     20.033300
        478.33	        Sample	             1	     3.0504830	    0.50623173	     160152.80	     52500.800	   0.013919357	  0.0026469390	     467.19319	     184.21041	     2093.2827	     20.036600
        484.31	        Sample	             1	     3.0513712	    0.50633998	     159686.80	     52332.800	   0.012542018	  0.0019128499	     307.94771	     189.95844	     2099.2612	     20.030000
        490.34	        Sample	             1	     3.0301796	    0.50374420	     158880.80	     52432.800	   0.012851981	  0.0017686928	     263.69201	     204.65118	     2105.2898	     20.030000
        496.30	        Sample	             1	     3.0402536	    0.50498156	     157882.80	     51930.800	   0.010849890	  0.0017394643	     283.71780	     160.11772	     2111.2472	     20.040000
        502.28	        Sample	             1	     3.0051061	    0.50063745	     157962.80	     52564.800	   0.012797407	  0.0021483972	     357.20405	     189.68339	     2117.2290	     20.043300
        508.28	        Sample	             1	     3.0284120	    0.50352645	     157794.80	     52104.800	  0.0097687803	  0.0019195460	     337.11438	     125.92730	     2123.2286	     20.043300
        514.28	        Sample	             1	     3.0382522	    0.50473623	     157614.80	     51876.800	   0.014699423	  0.0022558856	     359.12730	     221.40984	     2129.2360	     20.046600
        520.27	        Sample	             1	     2.9965634	    0.49957005	     156602.80	     52260.800	   0.011563793	  0.0021916656	     378.07128	     157.33571	     2135.2195	     20.050000
        526.26	        Sample	             1	     2.9904285	    0.49880070	     156090.80	     52196.800	  0.0099083698	  0.0016238974	     263.57022	     148.80294	     2141.2065	     20.050000
        532.24	        Sample	             1	     3.0054353	    0.50067849	     156152.80	     51956.800	   0.011961413	  0.0017171296	     258.32660	     188.07389	     2147.1943	     20.050000
        538.22	        Sample	             1	     3.0094591	    0.50117960	     155386.80	     51632.800	   0.011498986	  0.0021980253	     377.19491	     152.35692	     2153.1749	     20.053300
        544.23	        Sample	             1	     2.9920103	    0.49899929	     154886.80	     51766.800	   0.010615019	  0.0016486868	     258.17619	     162.12471	     2159.1834	     20.053300
        550.22	        Sample	             1	     2.9835488	    0.49793511	     154806.80	     51886.800	   0.011145145	  0.0020397188	     343.70459	     155.87512	     2165.1703	     20.066600
        556.21	        Sample	             1	     2.9915008	    0.49893534	     154728.80	     51722.800	   0.010949623	  0.0019715766	     330.14064	     153.82492	     2171.1641	     20.060000
        562.22	        Sample	             1	     3.0050564	    0.50063126	     154756.80	     51498.800	   0.010234458	  0.0014036443	     201.91921	     162.01040	     2177.1689	     20.060000
        571.13	        Sample	             1	     2.9753551	    0.49690028	     153518.80	     51596.800	   0.011669257	  0.0019923946	     323.77868	     170.61128	     2186.0851	     20.060000
        577.11	        Sample	             1	     2.9356720	    0.49182757	     152040.80	     51790.800	  0.0087243998	  0.0016530288	     276.79519	     121.65439	     2192.0528	     20.073300
        583.08	        Sample	             1	     2.9596449	    0.49490421	     153104.80	     51730.800	   0.012226745	  0.0019106491	     295.52309	     188.94666	     2198.0272	     20.076600
        589.06	        Sample	             1	     2.9482737	    0.49344951	     152274.80	     51648.800	   0.010933102	  0.0023255292	     403.62854	     133.94421	     2204.0151	     20.070000
        595.05	        Sample	             1	     2.9694019	    0.49614576	     153098.80	     51558.800	   0.012177129	  0.0019091508	     296.23426	     186.42058	     2210.0027	     20.070000
        601.06	        Sample	             1	     2.9595109	    0.49488711	     152298.80	     51460.800	   0.011699016	  0.0021542753	     357.78117	     163.60672	     2216.0101	     20.080000
        607.04	        Sample	             1	     2.9413268	    0.49255667	     151474.80	     51498.800	   0.012003009	  0.0021732579	     356.53626	     171.67595	     2221.9880	     20.083300
        613.03	        Sample	             1	     2.9261081	    0.49058968	     151334.80	     51718.800	   0.011200341	  0.0019812072	     321.43461	     164.69110	     2227.9808	     20.086600
        619.03	        Sample	             1	     2.9448418	    0.49300883	     151496.80	     51444.800	   0.014111308	  0.0022100134	     337.97041	     218.17231	     2233.9791	     20.086600
        625.01	        Sample	             1	     2.9165368	    0.48934477	     150454.80	     51586.800	   0.011701771	  0.0019113502	     296.31100	     180.32660	     2239.9540	     20.090000
        630.97	        Sample	             1	     2.9134438	    0.48894117	     150242.80	     51568.800	   0.010453475	  0.0019425274	     319.04166	     149.14493	     2245.9158	     20.090000
        636.94	        Sample	             1	     2.9219397	    0.49004826	     150610.80	     51544.800	   0.010089790	  0.0018970204	     313.74780	     141.95329	     2251.8944	     20.090000
        642.90	        Sample	             1	     2.9071285	    0.48811512	     149864.80	     51550.800	   0.011522967	  0.0020216178	     323.28446	     171.42069	     2257.8534	     20.093300
        648.89	        Sample	             1	     2.9209598	    0.48992081	     149432.80	     51158.800	   0.011457623	  0.0016835725	     242.00739	     182.77107	     2263.8385	     20.106600
        654.85	        Sample	             1	     2.8850867	    0.48521097	     148520.80	     51478.800	  0.0093545612	  0.0016488572	     261.49530	     140.16156	     2269.7963	     20.106600
        660.83	        Sample	             1	     2.8870379	    0.48546938	     148274.80	     51358.800	  0.0097505634	  0.0019882351	     332.69901	     129.64324	     2275.7822	     20.100000
        666.83	        Sample	             1	     2.8794959	    0.48446911	     148428.80	     51546.800	   0.011431128	  0.0020320488	     323.20761	     171.10108	     2281.7784	     20.100000
        672.81	        Sample	             1	     2.9221232	    0.49007211	     148948.80	     50972.800	   0.012946597	  0.0019636728	     288.07894	     203.18309	     2287.7658	     20.100000
        678.78	        Sample	             1	     2.8873680	    0.48551308	     148418.80	     51402.800	  0.0094705855	  0.0014857539	     220.79045	     150.26363	     2293.7278	     20.113300
        684.74	        Sample	             1	     2.9091714	    0.48838262	     148602.80	     51080.800	   0.011056970	  0.0021903213	     363.87708	     148.48285	     2299.6858	     20.116600
        690.73	        Sample	             1	     2.8787834	    0.48437440	     147994.80	     51408.800	  0.0099074330	  0.0014980643	     215.86107	     160.24980	     2305.6753	     20.116600
        696.72	        Sample	             1	     2.8762035	    0.48403122	     147568.80	     51306.800	   0.012569417	  0.0019834450	     293.61629	     199.63071	     2311.6709	     20.110000
        702.72	        Sample	             1	     2.8738535	    0.48371821	     147890.80	     51460.800	   0.012325343	  0.0024314173	     401.49694	     170.85790	     2317.6691	     20.120000
        708.70	        Sample	             1	     2.8789390	    0.48439509	     148002.80	     51408.800	   0.011115293	  0.0020230116	     324.18676	     163.44965	     2323.6498	     20.120000
        714.67	        Sample	             1	     2.8776722	    0.48422664	     147534.80	     51268.800	   0.012413532	  0.0022077053	     349.06522	     184.92673	     2329.6233	     20.123300
        720.66	        Sample	             1	     2.8585699	    0.48167325	     146972.80	     51414.800	   0.010122729	  0.0019303404	     312.83290	     145.50891	     2335.6099	     20.123300
        726.65	        Sample	             1	     2.8566624	    0.48141689	     146434.80	     51260.800	  0.0085799156	  0.0014578347	     223.24450	     132.65230	     2341.6028	     20.126600
        732.62	        Sample	             1	     2.8347605	    0.47845505	     146054.80	     51522.800	   0.010153387	  0.0020938997	     346.65651	     138.20732	     2347.5706	     20.130000
        738.62	        Sample	             1	     2.8389118	    0.47901903	     147852.80	     52080.800	   0.010401675	  0.0020163034	     330.65676	     151.15276	     2353.5696	     20.130000
        744.62	        Sample	             1	     2.8534463	    0.48098407	     146486.80	     51336.800	   0.012811008	  0.0021014461	     315.34075	     202.26299	     2359.5668	     20.130000
        750.60	        Sample	             1	     2.8449037	    0.47983093	     145642.00	     51194.000	   0.010468757	  0.0017648553	     267.26332	     163.28922	     2365.5456	     20.130000
        759.53	        Sample	             1	     2.8467299	    0.48007787	     145206.00	     51008.000	  0.0076723645	  0.0016731583	     279.93195	     96.070150	     2374.4846	     20.133300
        765.55	        Sample	             1	     2.8251661	    0.47714689	     145400.00	     51466.000	   0.011610490	  0.0016053357	     204.61208	     198.72170	     2380.4994	     20.133300
        771.52	        Sample	             1	     2.8490861	    0.48039614	     145594.00	     51102.000	   0.011766769	  0.0021517630	     339.40226	     174.21765	     2386.4699	     20.146600
        777.51	        Sample	             1	     2.8497171	    0.48048131	     145062.00	     50904.000	   0.011162633	  0.0018733699	     282.01194	     173.10538	     2392.4629	     20.140000
        783.50	        Sample	             1	     2.8258077	    0.47723457	     144314.00	     51070.000	  0.0094465427	  0.0014654784	     207.40553	     154.14211	     2398.4550	     20.140000
        789.50	        Sample	             1	     2.8113854	    0.47525643	     144404.00	     51364.000	   0.011280147	  0.0021497812	     341.74660	     166.42115	     2404.4471	     20.140000
        795.47	        Sample	             1	     2.8357839	    0.47859420	     144262.00	     50872.000	  0.0097728260	  0.0015091177	     213.25103	     158.37065	     2410.4248	     20.140000
        801.45	        Sample	             1	     2.8233362	    0.47689664	     144408.00	     51148.000	   0.012558856	  0.0022698075	     352.63818	     190.16890	     2416.4061	     20.153300
        807.44	        Sample	             1	     2.8091662	    0.47495072	     144408.00	     51406.000	   0.012401314	  0.0022776066	     356.19037	     188.20985	     2422.3943	     20.156600
        813.45	        Sample	             1	     2.8016567	    0.47391358	     144078.00	     51426.000	  0.0079329012	  0.0018217971	     307.27152	     95.783748	     2428.4035	     20.156600
        819.42	        Sample	             1	     2.8258771	    0.47724405	     144018.00	     50964.000	   0.011680739	  0.0022157345	     350.79309	     170.19865	     2434.3756	     20.150000
        825.43	        Sample	             1	     2.8216608	    0.47666732	     144074.00	     51060.000	   0.010063259	  0.0017871798	     274.61399	     153.91317	     2440.3765	     20.160000
        831.41	        Sample	             1	     2.5540068	    0.43725488	     143290.00	     56104.000	   0.027746072	  0.0038127697	     366.47367	     592.36831	     2446.3626	     20.163300
        837.41	        Sample	             1	     2.7089367	    0.46076190	     159746.00	     58970.000	   0.035692938	   0.010238466	     2022.3790	     215.31812	     2452.3642	     20.166600
        843.41	        Sample	             1	     3.3685369	    0.54218081	     205090.00	     60884.000	   0.029828619	  0.0067125066	     1543.5911	     284.04447	     2458.3585	     20.163300
        849.38	        Sample	             1	     3.7057669	    0.57498957	     226578.00	     61142.000	   0.021576363	  0.0046148042	     1136.7984	     180.62523	     2464.3340	     20.166600
        855.39	        Sample	             1	     3.8621211	    0.58865689	     235180.00	     60894.000	   0.012159640	  0.0019046348	     462.31545	     149.75840	     2470.3364	     20.170000
        861.39	        Sample	             1	     3.9899947	    0.59919797	     240070.00	     60168.000	   0.013228686	  0.0016852381	     398.16923	     172.73040	     2476.3388	     20.170000
        867.37	        Sample	             1	     4.0977287	    0.60766841	     244282.00	     59614.000	   0.014545397	  0.0018779832	     453.12738	     180.41531	     2482.3216	     20.170000
        873.35	        Sample	             1	     4.1330905	    0.61037118	     245084.00	     59298.000	   0.012098726	  0.0016191267	     394.91398	     144.91740	     2488.3019	     20.173300
        879.35	        Sample	             1	     4.1588410	    0.61231602	     246586.00	     59292.000	   0.013577897	  0.0014995375	     350.18762	     174.30524	     2494.3036	     20.186600
        885.31	        Sample	             1	     4.1985915	    0.61528041	     245626.00	     58502.000	   0.013521185	  0.0018681360	     458.91841	     153.45220	     2500.2644	     20.186600
        891.32	        Sample	             1	     4.2060399	    0.61583084	     246516.00	     58610.000	   0.014393244	  0.0017682620	     425.52358	     173.18016	     2506.2753	     20.180000
        897.31	        Sample	             1	     4.1911715	    0.61473051	     246290.00	     58764.000	   0.010437732	  0.0013077302	     315.84773	     125.45161	     2512.2648	     20.180000
        903.31	        Sample	             1	     4.1881239	    0.61450419	     246714.00	     58908.000	   0.014760525	  0.0017315625	     412.15506	     182.80850	     2518.2619	     20.193300
        909.31	        Sample	             1	     4.2142101	    0.61643280	     246978.00	     58606.000	   0.016871533	  0.0016015617	     354.38754	     219.04049	     2524.2563	     20.196600
        915.28	        Sample	             1	     4.2089343	    0.61604430	     246290.00	     58516.000	   0.017938059	  0.0021576346	     516.11076	     217.16062	     2530.2321	     20.190000
        921.28	        Sample	             1	     4.2234476	    0.61711112	     246624.00	     58394.000	   0.016071536	  0.0016440388	     374.99081	     203.69792	     2536.2326	     20.190000
        927.26	        Sample	             1	     4.2175193	    0.61667607	     246320.00	     58404.000	   0.014815926	  0.0017483565	     416.27521	     179.86896	     2542.2107	     20.200000
        933.27	        Sample	             1	     4.2344399	    0.61791519	     246690.00	     58258.000	   0.013719824	  0.0016685219	     400.85671	     163.30469	     2548.2185	     20.203300
        939.29	        Sample	             1	     4.2131956	    0.61635815	     246797.20	     58577.200	   0.013283744	  0.0016229125	     390.48121	     159.74915	     2554.2394	     20.206600
        948.21	        Sample	             1	     4.2189369	    0.61678019	     245817.20	     58265.200	   0.013743037	  0.0017608320	     426.47614	     160.63755	     2563.1617	     20.210000
        954.20	        Sample	             1	     4.2249928	    0.61722435	     245891.20	     58199.200	   0.014147626	  0.0017403162	     417.86021	     167.92229	     2569.1568	     20.210000
        960.19	        Sample	             1	     4.2297977	    0.61757603	     246619.20	     58305.200	   0.013483276	  0.0013879915	     317.42384	     170.03467	     2575.1390	     20.210000
        966.18	        Sample	             1	     4.2316394	    0.61771065	     246007.20	     58135.200	   0.012989054	  0.0015570429	     371.75091	     155.32377	     2581.1292	     20.213300
        972.16	        Sample	             1	     4.2416602	    0.61844150	     246369.20	     58083.200	   0.016208842	  0.0017155321	     395.94657	     201.37214	     2587.1156	     20.213300
        978.15	        Sample	             1	     4.2474198	    0.61886030	     245939.20	     57903.200	   0.015023812	  0.0017744924	     422.04515	     179.09480	     2593.1017	     20.226600
        984.13	        Sample	             1	     4.2274568	    0.61740478	     247235.20	     58483.200	   0.011952744	  0.0015484347	     378.02144	     139.09179	     2599.0766	     20.220000
        990.13	        Sample	             1	     4.2408407	    0.61838184	     246737.20	     58181.200	   0.013269835	  0.0013857513	     318.84628	     165.80204	     2605.0852	     20.220000
        996.12	        Sample	             1	     4.2373245	    0.61812563	     246507.20	     58175.200	   0.014481927	  0.0019853955	     488.37949	     162.01105	     2611.0743	     20.220000
       1002.12	        Sample	             1	     4.2235268	    0.61711693	     245755.20	     58187.200	   0.015330374	  0.0015761702	     358.91533	     193.35487	     2617.0717	     20.233300
       1008.10	        Sample	             1	     4.2515218	    0.61915801	     248923.20	     58549.200	   0.017023148	  0.0020367685	     491.86562	     203.89626	     2623.0545	     20.236600
       1014.09	        Sample	             1	     4.2481902	    0.61891625	     247411.20	     58239.200	   0.013173376	  0.0014985961	     355.06085	     160.09208	     2629.0463	     20.236600
       1020.09	        Sample	             1	     4.2533561	    0.61929099	     247261.20	     58133.200	   0.014641312	  0.0018263196	     442.28569	     170.97307	     2635.0423	     20.230000
       1026.09	        Sample	             1	     4.2300830	    0.61759689	     245815.20	     58111.200	   0.011219627	  0.0012972220	     306.62715	     136.02167	     2641.0396	     20.240000
       1032.07	        Sample	             1	     4.2460459	    0.61876049	     245265.20	     57763.200	   0.014885333	  0.0017036898	     400.80209	     179.15357	     2647.0269	     20.240000
       1038.05	        Sample	             1	     4.2519053	    0.61918582	     245697.20	     57785.200	   0.018758687	  0.0020091441	     464.41792	     230.35487	     2653.0082	     20.243300
       1044.05	        Sample	             1	     4.2345670	    0.61792446	     245271.20	     57921.200	   0.013007895	  0.0018861363	     465.95324	     139.81868	     2659.0024	     20.243300
       1050.01	        Sample	             1	     4.2752987	    0.62087455	     246493.20	     57655.200	   0.014220076	  0.0017725742	     427.81477	     163.58870	     2664.9580	     20.246600
       1055.98	        Sample	             1	     4.2589444	    0.61969554	     245269.20	     57589.200	   0.018477398	  0.0017175756	     375.29918	     233.79478	     2670.9336	     20.250000
       1061.96	        Sample	             1	     4.2134285	    0.61637529	     243659.20	     57829.200	   0.011892433	  0.0018076680	     447.05351	     124.03310	     2676.9103	     20.250000
       1067.95	        Sample	             1	     4.2732390	    0.62072647	     245041.20	     57343.200	   0.014175269	  0.0018997317	     462.30976	     156.45817	     2682.9003	     20.250000
       1073.95	        Sample	             1	     4.2516291	    0.61916580	     245579.20	     57761.200	   0.016588999	  0.0019618961	     466.09690	     196.91248	     2688.8983	     20.253300
       1079.93	        Sample	             1	     4.2280324	    0.61744690	     245087.20	     57967.200	   0.014048805	  0.0018787765	     457.50905	     159.34339	     2694.8811	     20.266600
       1085.91	        Sample	             1	     4.2672404	    0.62029453	     245559.20	     57545.200	   0.015922207	  0.0017472402	     406.85184	     192.38722	     2700.8662	     20.266600
       1091.90	        Sample	             1	     4.2389513	    0.61824421	     245313.20	     57871.200	   0.015348149	  0.0017928712	     424.10798	     184.10752	     2706.8508	     20.260000
       1097.88	        Sample	             1	     4.2152297	    0.61650778	     245601.20	     58265.200	   0.019634306	  0.0016929401	     353.75252	     258.09464	     2712.8261	     20.260000
       1103.85	        Sample	             1	     4.2380217	    0.61817646	     245861.20	     58013.200	   0.014879053	  0.0018311013	     439.64076	     175.27782	     2718.8027	     20.260000
       1109.85	        Sample	             1	     4.2656431	    0.62017935	     246943.20	     57891.200	   0.015099222	  0.0018422496	     443.37367	     176.60184	     2724.8039	     20.273300
       1115.85	        Sample	             1	     4.2456646	    0.61873277	     244725.20	     57641.200	   0.013631501	  0.0018688811	     456.31268	     150.66100	     2730.8003	     20.273300
       1121.85	        Sample	             1	     4.2207816	    0.61691559	     244405.20	     57905.200	   0.017122556	  0.0019248581	     448.76697	     209.46599	     2736.7991	     20.276600
