
Measurable=Ratio
RatioFilters=470.0, 470.0, 500.0, 540.0
MaxIterations=20

Space=Time,Sample,Iteration
Columns=Time,Sample,Iteration,Ratio,GPolarization,I1,I2,RatioStdError,GPolarizationStdError,I1StdError,I2StdError,RealTime,RealTemperature
Dark=92.8, 558.4
[Data]
          0.00	        Sample	             1	     2.4859093	    0.42626161	     226067.60	     90939.600	  0.0059064619	  0.0012521587	     321.52629	     173.08288	     3392.1545	     20.480000
          6.53	        Sample	             1	     2.4678985	    0.42328185	     221823.60	     89883.600	  0.0066220474	  0.0012658510	     297.27853	     208.94673	     3398.6888	     20.480000
         12.21	        Sample	             1	     2.4771964	    0.42482398	     219805.60	     88731.600	  0.0071635774	  0.0015637513	     396.13820	     200.66993	     3404.3643	     20.483300
         17.89	        Sample	             1	     2.4610892	    0.42214722	     217603.60	     88417.600	  0.0089750540	  0.0017993618	     428.61319	     271.36148	     3410.0450	     20.483300
         23.57	        Sample	             1	     2.4503477	    0.42034828	     214791.60	     87657.600	  0.0080536783	  0.0020122035	     527.32393	     191.55651	     3415.7254	     20.483300
         29.25	        Sample	             1	     2.4509288	    0.42044588	     212641.60	     86759.600	  0.0074114912	  0.0014606976	     335.27993	     223.86979	     3421.4057	     20.483300
         34.93	        Sample	             1	     2.4465746	    0.41971370	     210213.60	     85921.600	  0.0078952205	  0.0016063913	     372.41855	     231.75304	     3427.0860	     20.486600
         40.60	        Sample	             1	     2.4457388	    0.41957296	     208933.60	     85427.600	  0.0060993719	  0.0014464494	     361.37865	     153.47964	     3432.7516	     20.486600
         46.28	        Sample	             1	     2.4360676	    0.41793928	     205661.60	     84423.600	  0.0062362750	  0.0012134017	     265.84523	     186.54702	     3438.4326	     20.486600
         51.95	        Sample	             1	     2.4295102	    0.41682634	     204087.60	     84003.600	  0.0090541446	  0.0021484201	     524.36448	     226.76628	     3444.1059	     20.486600
         57.60	        Sample	             1	     2.4212919	    0.41542550	     201755.60	     83325.600	  0.0091135661	  0.0020793141	     492.64293	     238.67882	     3449.7529	     20.490000
         63.29	        Sample	             1	     2.4230214	    0.41572085	     199951.60	     82521.600	  0.0085560173	  0.0016154267	     334.13360	     256.69970	     3455.4483	     20.490000
         68.96	        Sample	             1	     2.4048646	    0.41260513	     198217.60	     82423.600	  0.0083987820	  0.0018309967	     415.47335	     230.24884	     3461.1209	     20.490000
         74.65	        Sample	             1	     2.4112001	    0.41369608	     196545.60	     81513.600	  0.0091589987	  0.0020345351	     462.87341	     242.93989	     3466.8050	     20.490000
         80.42	        Sample	             1	     2.4228919	    0.41569875	     195991.60	     80891.600	  0.0088781210	  0.0017509617	     368.32337	     254.45711	     3472.5799	     20.490000
         86.10	        Sample	             1	     2.4096423	    0.41342820	     194365.60	     80661.600	  0.0075327637	  0.0014161588	     282.30480	     223.28646	     3478.2552	     20.493300
         91.78	        Sample	             1	     2.4005511	    0.41186004	     192345.60	     80125.600	  0.0069031536	  0.0017176607	     402.93032	     157.85136	     3483.9310	     20.493300
         97.45	        Sample	             1	     2.4084525	    0.41322345	     191639.60	     79569.600	  0.0085965669	  0.0019943442	     452.18976	     213.09943	     3489.6007	     20.506600
        103.11	        Sample	             1	     2.3981548	    0.41144529	     189539.60	     79035.600	  0.0067634906	  0.0014267791	     303.09943	     183.60771	     3495.2720	     20.506600
        108.89	        Sample	             1	     2.3812879	    0.40850941	     188425.60	     79127.600	  0.0076536328	  0.0019948388	     466.75949	     162.04678	     3501.0473	     20.506600
        114.57	        Sample	             1	     2.3784344	    0.40800981	     186501.60	     78413.600	  0.0089269113	  0.0020996423	     465.80321	     219.68590	     3506.7238	     20.500000
        120.35	        Sample	             1	     2.3788540	    0.40808334	     186591.60	     78437.600	  0.0068475574	  0.0015315820	     331.12090	     177.77336	     3512.5065	     20.500000
        126.01	        Sample	             1	     2.3861154	    0.40935267	     185161.60	     77599.600	  0.0080501700	  0.0016913209	     349.36333	     217.03213	     3518.1701	     20.500000
        131.69	        Sample	             1	     2.3667426	    0.40595399	     183279.60	     77439.600	  0.0088980436	  0.0017857935	     351.23212	     250.48122	     3523.8483	     20.500000
        137.39	        Sample	             1	     2.3625336	    0.40521040	     182679.60	     77323.600	  0.0083065740	  0.0020599032	     458.39514	     190.43385	     3529.5478	     20.513300
        143.15	        Sample	             1	     2.3664454	    0.40590155	     181661.60	     76765.600	  0.0096981994	  0.0019984175	     397.84154	     265.91491	     3535.3095	     20.516600
        148.83	        Sample	             1	     2.3572284	    0.40427050	     180251.60	     76467.600	  0.0066136459	  0.0014393011	     294.90944	     174.29014	     3540.9812	     20.516600
        154.52	        Sample	             1	     2.3510182	    0.40316647	     178121.60	     75763.600	  0.0082172845	  0.0016698162	     321.14270	     226.85910	     3546.6733	     20.516600
        160.27	        Sample	             1	     2.3555387	    0.40397051	     178553.60	     75801.600	  0.0066437247	  0.0015708816	     334.16794	     159.94736	     3552.4267	     20.510000
        165.96	        Sample	             1	     2.3545246	    0.40379033	     176795.60	     75087.600	  0.0067967584	  0.0014666586	     292.99578	     177.47409	     3558.1115	     20.510000
        171.62	        Sample	             1	     2.3410630	    0.40138813	     175419.60	     74931.600	  0.0072066216	  0.0014234130	     262.09641	     201.67457	     3563.7718	     20.520000
        177.31	        Sample	             1	     2.3517129	    0.40329018	     175107.60	     74459.600	  0.0074841552	  0.0014971303	     279.34171	     205.04120	     3569.4656	     20.523300
        182.98	        Sample	             1	     2.3470815	    0.40246451	     173792.00	     74046.000	  0.0075614705	  0.0016256042	     318.03343	     196.33001	     3575.1365	     20.523300
        191.60	        Sample	             1	     2.3341597	    0.40014872	     173232.00	     74216.000	  0.0082345838	  0.0017443371	     335.75680	     218.76977	     3583.7528	     20.526600
        197.28	        Sample	             1	     2.3251305	    0.39851984	     171962.00	     73958.000	  0.0070207245	  0.0012988593	     216.41821	     202.99391	     3589.4358	     20.526600
        202.94	        Sample	             1	     2.3163024	    0.39691869	     170642.00	     73670.000	  0.0077999231	  0.0018760067	     383.93941	     184.57291	     3595.0963	     20.530000
        208.62	        Sample	             1	     2.3277403	    0.39899156	     170358.00	     73186.000	  0.0077967559	  0.0016428573	     309.29836	     206.00000	     3600.7789	     20.530000
        214.30	        Sample	             1	     2.3131166	    0.39633879	     168802.00	     72976.000	  0.0086703377	  0.0019812849	     389.71920	     215.49258	     3606.4535	     20.530000
        219.99	        Sample	             1	     2.3108337	    0.39592254	     169190.00	     73216.000	  0.0073164784	  0.0015399892	     286.54714	     195.86032	     3612.1522	     20.533300
        225.66	        Sample	             1	     2.3042234	    0.39471404	     169024.00	     73354.000	  0.0080442830	  0.0016174730	     288.16077	     223.47448	     3617.8207	     20.533300
        231.33	        Sample	             1	     2.2890186	    0.39191587	     167840.00	     73324.000	  0.0073899128	  0.0017323360	     343.12005	     183.21342	     3623.4852	     20.546600
        237.01	        Sample	             1	     2.2926695	    0.39259012	     167076.00	     72874.000	  0.0077075593	  0.0016680119	     311.90957	     203.74339	     3629.1686	     20.546600
        242.68	        Sample	             1	     2.2858245	    0.39132476	     165960.00	     72604.000	  0.0074555598	  0.0017142296	     331.67644	     187.14700	     3634.8412	     20.540000
        248.37	        Sample	             1	     2.2732873	    0.38899345	     165318.00	     72722.000	   0.010047171	  0.0021240774	     383.71343	     273.51705	     3640.5256	     20.540000
        254.03	        Sample	             1	     2.2763107	    0.38955728	     164814.00	     72404.000	  0.0083738415	  0.0019864694	     388.57879	     204.45769	     3646.1814	     20.540000
        259.71	        Sample	             1	     2.2735888	    0.38904972	     164576.00	     72386.000	  0.0096062648	  0.0020704716	     378.46671	     256.57296	     3651.8636	     20.553300
        265.38	        Sample	             1	     2.2840830	    0.39100200	     164422.00	     71986.000	  0.0064797603	  0.0012536995	     206.56336	     183.10250	     3657.5403	     20.553300
        271.05	        Sample	             1	     2.2724016	    0.38882808	     163672.00	     72026.000	  0.0090769078	  0.0020988100	     401.21919	     227.15216	     3663.2077	     20.556600
        276.73	        Sample	             1	     2.2672647	    0.38786716	     162776.00	     71794.000	  0.0067207087	  0.0014716117	     269.00832	     176.67037	     3668.8835	     20.550000
        282.41	        Sample	             1	     2.2691664	    0.38822326	     162790.00	     71740.000	  0.0062452570	  0.0014759060	     284.31969	     152.59441	     3674.5640	     20.550000
        288.08	        Sample	             1	     2.2740566	    0.38913702	     162354.00	     71394.000	  0.0085924917	  0.0018741222	     341.18647	     224.18930	     3680.2322	     20.560000
        293.74	        Sample	             1	     2.2587256	    0.38626314	     161142.00	     71342.000	  0.0072728452	  0.0019059202	     383.22592	     154.86157	     3685.9015	     20.560000
        299.41	        Sample	             1	     2.2658765	    0.38760697	     161344.00	     71206.000	  0.0069244050	  0.0017342453	     341.76754	     156.84454	     3691.5701	     20.563300
        305.08	        Sample	             1	     2.2418416	    0.38306671	     160202.00	     71460.000	  0.0073197338	  0.0015966686	     284.57725	     195.76785	     3697.2333	     20.566600
        310.77	        Sample	             1	     2.2464795	    0.38394805	     159846.00	     71154.000	  0.0073195898	  0.0015801348	     278.88915	     195.79742	     3702.9291	     20.566600
        316.44	        Sample	             1	     2.2370320	    0.38215008	     159308.00	     71214.000	  0.0070016353	  0.0015838157	     288.57399	     181.76851	     3708.5922	     20.570000
        322.13	        Sample	             1	     2.2477914	    0.38419690	     158766.00	     70632.000	  0.0065923174	  0.0013724806	     232.79130	     179.40252	     3714.2824	     20.570000
        327.80	        Sample	             1	     2.2292877	    0.38066837	     158110.00	     70924.000	  0.0066665445	  0.0014385654	     249.77421	     180.08419	     3719.9536	     20.570000
        333.56	        Sample	             1	     2.2237804	    0.37961034	     157626.00	     70882.000	  0.0075157124	  0.0014746893	     229.07181	     216.28198	     3725.7223	     20.570000
        339.22	        Sample	             1	     2.2459100	    0.38383997	     158970.00	     70782.000	  0.0066137506	  0.0017603085	     351.60354	     137.61502	     3731.3782	     20.573300
        344.90	        Sample	             1	     2.2211944	    0.37911229	     157034.00	     70698.000	  0.0069878286	  0.0015984309	     288.55320	     180.53196	     3737.0569	     20.586600
        350.59	        Sample	             1	     2.2430857	    0.38330338	     157016.00	     70000.000	  0.0076007327	  0.0017118680	     306.79875	     193.78990	     3742.7474	     20.586600
        356.26	        Sample	             1	     2.2255906	    0.37995851	     155640.00	     69932.000	  0.0072997110	  0.0017910201	     335.83956	     172.74258	     3748.4180	     20.580000
        361.93	        Sample	             1	     2.2121299	    0.37736017	     154942.00	     70042.000	  0.0081751382	  0.0018726627	     333.28824	     210.48065	     3754.0839	     20.580000
        367.60	        Sample	             1	     2.2154864	    0.37801012	     154413.20	     69697.200	  0.0070552993	  0.0016733841	     304.42733	     174.30463	     3759.7532	     20.580000
        376.19	        Sample	             1	     2.2172156	    0.37834442	     154467.20	     69667.200	  0.0081049103	  0.0017818592	     306.17504	     213.97491	     3768.3532	     20.593300
        381.87	        Sample	             1	     2.2013973	    0.37527278	     154021.20	     69965.200	  0.0064910891	  0.0016293422	     305.73845	     152.54956	     3774.0238	     20.596600
        387.55	        Sample	             1	     2.2033891	    0.37566122	     153799.20	     69801.200	  0.0072105111	  0.0017307533	     315.56266	     177.94795	     3779.7045	     20.596600
        393.22	        Sample	             1	     2.1994624	    0.37489498	     153173.20	     69641.200	  0.0096519299	  0.0018744456	     273.96926	     279.07026	     3785.3755	     20.590000
        398.90	        Sample	             1	     2.2070898	    0.37638166	     152839.20	     69249.200	  0.0071623897	  0.0015601464	     262.25098	     190.74315	     3791.0571	     20.600000
        404.65	        Sample	             1	     2.2144406	    0.37780775	     152821.20	     69011.200	  0.0071534926	  0.0016030258	     276.72179	     184.61682	     3796.8088	     20.600000
        410.33	        Sample	             1	     2.1790953	    0.37089020	     151297.20	     69431.200	  0.0077224097	  0.0020132669	     378.43862	     174.30524	     3802.4827	     20.603300
        416.02	        Sample	             1	     2.2093601	    0.37682282	     152519.20	     69033.200	  0.0076103108	  0.0015580491	     245.17405	     210.30855	     3808.1739	     20.606600
        421.80	        Sample	             1	     2.1811332	    0.37129322	     150409.20	     68959.200	  0.0064290468	  0.0017041784	     321.25379	     140.07817	     3813.9595	     20.606600
        427.57	        Sample	             1	     2.2027776	    0.37554202	     150809.20	     68463.200	  0.0070220765	  0.0014594647	     230.34025	     191.56750	     3819.7263	     20.610000
        433.26	        Sample	             1	     2.2004298	    0.37508393	     150327.20	     68317.200	  0.0064922001	  0.0017169153	     323.25320	     138.01220	     3825.4121	     20.610000
        438.95	        Sample	             1	     2.1899376	    0.37302850	     149873.20	     68437.200	  0.0083857831	  0.0019088173	     325.31475	     215.89227	     3831.1033	     20.610000
        444.60	        Sample	             1	     2.1788459	    0.37084085	     149785.20	     68745.200	  0.0063718963	  0.0017417428	     331.87791	     131.21216	     3836.7580	     20.613300
        450.29	        Sample	             1	     2.1816986	    0.37140495	     148611.20	     68117.200	  0.0083630116	  0.0016558898	     238.68764	     237.08537	     3842.4511	     20.613300
        455.96	        Sample	             1	     2.1801341	    0.37109569	     148705.20	     68209.200	  0.0089385585	  0.0021367203	     374.27235	     220.76375	     3848.1163	     20.626600
        461.62	        Sample	             1	     2.1750006	    0.37007886	     148307.20	     68187.200	  0.0070036896	  0.0016284067	     278.35608	     178.41407	     3853.7761	     20.620000
        467.29	        Sample	             1	     2.1663352	    0.36835493	     148561.20	     68577.200	  0.0071093028	  0.0016820908	     291.39628	     180.42931	     3859.4494	     20.620000
        472.96	        Sample	             1	     2.1768264	    0.37044090	     147539.20	     67777.200	  0.0068008323	  0.0013143075	     180.07250	     194.92239	     3865.1217	     20.620000
        478.65	        Sample	             1	     2.1648635	    0.36806121	     146949.20	     67879.200	  0.0079368357	  0.0017934489	     295.74491	     208.01012	     3870.8071	     20.620000
        484.32	        Sample	             1	     2.1692346	    0.36893280	     147493.20	     67993.200	  0.0081489806	  0.0021467095	     395.38682	     178.93898	     3876.4803	     20.633300
        490.00	        Sample	             1	     2.1653469	    0.36815773	     146683.20	     67741.200	  0.0075129985	  0.0018310569	     319.89998	     182.80332	     3882.1569	     20.636600
        495.70	        Sample	             1	     2.1573104	    0.36654946	     145815.20	     67591.200	  0.0068664373	  0.0016195440	     274.18165	     173.57904	     3887.8559	     20.636600
        501.38	        Sample	             1	     2.1623660	    0.36756213	     146347.20	     67679.200	  0.0075308702	  0.0017318429	     288.60463	     194.27815	     3893.5375	     20.630000
        507.15	        Sample	             1	     2.1597261	    0.36703374	     145339.20	     67295.200	  0.0077313696	  0.0017366018	     281.22439	     202.67890	     3899.3120	     20.630000
        512.84	        Sample	             1	     2.1600723	    0.36710308	     144913.20	     67087.200	  0.0077523588	  0.0018693667	     319.96414	     189.81431	     3904.9988	     20.640000
        518.50	        Sample	             1	     2.1576324	    0.36661405	     145621.20	     67491.200	  0.0090819562	  0.0023084738	     411.01953	     210.75104	     3910.6574	     20.640000
        524.17	        Sample	             1	     2.1687630	    0.36883888	     145457.20	     67069.200	  0.0087511600	  0.0016633927	     216.08721	     251.62169	     3916.3300	     20.643300
        529.85	        Sample	             1	     2.1375198	    0.36255383	     144037.20	     67385.200	  0.0065221471	  0.0014322278	     222.76492	     177.24144	     3922.0040	     20.646600
        535.52	        Sample	             1	     2.1416743	    0.36339677	     144227.20	     67343.200	  0.0074324961	  0.0019468050	     348.98952	     167.53067	     3927.6725	     20.650000
        541.21	        Sample	             1	     2.1290782	    0.36083414	     143383.20	     67345.200	  0.0065864651	  0.0017368111	     310.44823	     148.80506	     3933.3630	     20.650000
        546.97	        Sample	             1	     2.1404535	    0.36314930	     143447.20	     67017.200	  0.0083702640	  0.0021365810	     375.05929	     194.87918	     3939.1215	     20.650000
        552.63	        Sample	             1	     2.1165256	    0.35825973	     142460.80	     67308.800	  0.0080710573	  0.0017256181	     254.33339	     226.80574	     3944.7914	     20.650000
        561.26	        Sample	             1	     2.1390008	    0.36285457	     142976.80	     66842.800	  0.0081484975	  0.0018403241	     292.62514	     214.76597	     3953.4182	     20.653300
        566.93	        Sample	             1	     2.1465196	    0.36437707	     142972.80	     66606.800	  0.0090714231	  0.0019880179	     307.45680	     242.31993	     3959.0831	     20.666600
        572.61	        Sample	             1	     2.1296084	    0.36094242	     142838.80	     67072.800	  0.0086737316	  0.0019007614	     291.45696	     236.42780	     3964.7645	     20.666600
        578.28	        Sample	             1	     2.1250128	    0.36000261	     141514.80	     66594.800	  0.0080762017	  0.0017845226	     273.03325	     218.05794	     3970.4338	     20.660000
        583.96	        Sample	             1	     2.1351654	    0.36207512	     141904.80	     66460.800	  0.0081520648	  0.0020128500	     341.66281	     196.93226	     3976.1181	     20.660000
        589.64	        Sample	             1	     2.1213882	    0.35925945	     141052.80	     66490.800	  0.0073802769	  0.0017969511	     299.31008	     183.30934	     3981.7975	     20.660000
        595.32	        Sample	             1	     2.1193079	    0.35883214	     140422.80	     66258.800	  0.0071817681	  0.0015782292	     237.50058	     194.56781	     3987.4792	     20.673300
        601.00	        Sample	             1	     2.1264291	    0.36029254	     140762.80	     66196.800	  0.0081737380	  0.0016105389	     207.66927	     234.96472	     3993.1547	     20.673300
        606.68	        Sample	             1	     2.1183646	    0.35863817	     140118.80	     66144.800	   0.010154536	  0.0022438216	     338.89573	     273.75133	     3998.8311	     20.676600
        612.34	        Sample	             1	     2.1086724	    0.35663854	     139498.80	     66154.800	  0.0079861255	  0.0018617046	     294.60375	     207.97723	     4004.4972	     20.676600
        618.03	        Sample	             1	     2.1238225	    0.35975875	     140050.80	     65942.800	  0.0058532649	  0.0011718349	     154.43684	     166.55709	     4010.1844	     20.670000
        623.71	        Sample	             1	     2.1198761	    0.35894890	     139900.80	     65994.800	  0.0055556126	  0.0016009357	     292.10524	     104.52801	     4015.8620	     20.680000
        629.37	        Sample	             1	     2.0996177	    0.35475914	     138836.80	     66124.800	  0.0075003365	  0.0018437486	     303.13450	     186.95567	     4021.5276	     20.680000
        635.04	        Sample	             1	     2.1103178	    0.35697890	     139514.80	     66110.800	  0.0072506715	  0.0015744584	     230.97915	     199.03504	     4027.1899	     20.683300
        640.71	        Sample	             1	     2.1201325	    0.35900159	     139230.80	     65670.800	  0.0079863161	  0.0018467640	     290.57149	     205.93867	     4032.8698	     20.683300
        646.38	        Sample	             1	     2.1192748	    0.35882532	     139144.80	     65656.800	  0.0084068635	  0.0017716752	     250.55895	     232.07077	     4038.5404	     20.686600
        652.05	        Sample	             1	     2.0979642	    0.35441474	     138584.80	     66056.800	  0.0062242297	  0.0015612879	     260.10686	     151.77546	     4044.2081	     20.686600
        657.74	        Sample	             1	     2.0966305	    0.35413670	     138932.80	     66264.800	  0.0069533185	  0.0016599085	     266.31837	     179.33444	     4049.8925	     20.690000
        663.41	        Sample	             1	     2.1099716	    0.35690731	     138664.80	     65718.800	  0.0082458888	  0.0018065236	     266.23456	     223.70046	     4055.5645	     20.690000
        669.08	        Sample	             1	     2.1080000	    0.35649936	     138526.80	     65714.800	  0.0080006375	  0.0016733364	     231.20508	     224.00141	     4061.2323	     20.690000
        674.78	        Sample	             1	     2.0960090	    0.35400705	     137956.80	     65818.800	  0.0082414940	  0.0018492260	     276.86972	     222.54934	     4066.9319	     20.693300
        680.44	        Sample	             1	     2.0933152	    0.35344449	     138122.80	     65982.800	  0.0076829886	  0.0020753243	     361.48553	     169.78686	     4072.5971	     20.693300
        686.10	        Sample	             1	     2.0924603	    0.35326574	     137396.80	     65662.800	  0.0083641449	  0.0022683688	     393.92225	     182.89543	     4078.2537	     20.706600
        691.80	        Sample	             1	     2.1058134	    0.35604630	     137620.80	     65352.800	  0.0090023622	  0.0022450572	     370.35857	     217.07918	     4083.9504	     20.700000
        697.49	        Sample	             1	     2.0846979	    0.35163829	     136682.80	     65564.800	  0.0067710310	  0.0016762147	     271.93304	     168.32550	     4089.6407	     20.700000
        703.14	        Sample	             1	     2.0934677	    0.35347636	     137190.80	     65532.800	  0.0066862713	  0.0017352446	     292.85204	     155.68930	     4095.3028	     20.700000
        708.84	        Sample	             1	     2.0973257	    0.35428167	     136994.80	     65318.800	  0.0065986936	  0.0016077679	     258.84724	     164.32253	     4100.9944	     20.700000
        714.59	        Sample	             1	     2.0863514	    0.35198565	     135814.80	     65096.800	  0.0073382469	  0.0017273740	     266.58819	     189.99169	     4106.7500	     20.713300
        720.27	        Sample	             1	     2.0880987	    0.35235231	     135602.80	     64940.800	  0.0063143626	  0.0015137274	     237.34097	     160.14204	     4112.4248	     20.713300
        725.95	        Sample	             1	     2.0806849	    0.35079372	     135416.80	     65082.800	  0.0061280631	  0.0013825349	     202.95709	     165.00781	     4118.1101	     20.716600
        731.64	        Sample	             1	     2.0920417	    0.35317819	     136084.80	     65048.800	  0.0073070546	  0.0018733551	     310.97267	     171.82856	     4123.7973	     20.710000
        737.41	        Sample	             1	     2.0741132	    0.34940588	     135753.20	     65451.200	  0.0073694022	  0.0016116707	     227.23741	     205.12589	     4129.5703	     20.710000
        746.03	        Sample	             1	     2.0739234	    0.34936571	     135023.20	     65105.200	  0.0077818303	  0.0019729237	     321.35896	     188.85751	     4138.1870	     20.720000
        751.70	        Sample	             1	     2.0585973	    0.34610548	     134651.20	     65409.200	  0.0084173100	  0.0020965712	     334.68414	     212.36067	     4143.8578	     20.723300
        757.38	        Sample	             1	     2.0738716	    0.34935473	     135339.20	     65259.200	  0.0088130267	  0.0021689186	     345.84329	     221.58092	     4149.5398	     20.723300
        763.06	        Sample	             1	     2.0754373	    0.34968598	     134831.20	     64965.200	  0.0076092081	  0.0018686210	     296.42217	     190.61065	     4155.2177	     20.726600
        768.84	        Sample	             1	     2.0746630	    0.34952221	     135067.20	     65103.200	  0.0088126443	  0.0018662560	     249.75609	     248.96417	     4160.9979	     20.730000
        774.60	        Sample	             1	     2.0765757	    0.34992661	     135557.20	     65279.200	  0.0073470128	  0.0018362291	     297.14820	     181.29127	     4166.7593	     20.730000
        780.28	        Sample	             1	     2.0726946	    0.34910550	     134715.20	     64995.200	  0.0075295952	  0.0017943846	     276.65064	     194.76518	     4172.4383	     20.730000
        785.95	        Sample	             1	     2.0726935	    0.34910526	     134603.20	     64941.200	  0.0074096083	  0.0017214930	     258.54654	     195.79742	     4178.1103	     20.730000
        791.64	        Sample	             1	     2.0604770	    0.34650709	     134469.20	     65261.200	  0.0075415540	  0.0018870541	     302.10873	     188.56745	     4183.7924	     20.733300
        797.31	        Sample	             1	     2.0894477	    0.35263510	     134709.20	     64471.200	  0.0079732675	  0.0021535837	     365.73531	     172.87903	     4189.4646	     20.733300
        802.98	        Sample	             1	     2.0668314	    0.34786112	     134491.20	     65071.200	  0.0068249150	  0.0016365261	     252.87567	     176.63760	     4195.1409	     20.746600
        808.67	        Sample	             1	     2.0743224	    0.34945013	     134045.20	     64621.200	  0.0071581851	  0.0019002935	     317.31074	     162.25970	     4200.8285	     20.746600
        814.35	        Sample	             1	     2.0769150	    0.34999829	     134441.20	     64731.200	  0.0075502017	  0.0017701542	     268.46111	     196.63699	     4206.5026	     20.740000
        820.02	        Sample	             1	     2.0575396	    0.34587928	     134195.20	     65221.200	  0.0077444498	  0.0017759719	     260.32530	     210.37260	     4212.1721	     20.740000
        825.69	        Sample	             1	     2.0558736	    0.34552267	     133301.20	     64839.200	  0.0073801848	  0.0018907683	     305.41051	     179.18882	     4217.8499	     20.740000
        831.37	        Sample	             1	     2.0730572	    0.34918231	     134013.20	     64645.200	  0.0073205647	  0.0018825802	     307.50439	     173.52021	     4223.5207	     20.753300
        837.03	        Sample	             1	     2.3241937	    0.39835035	     194691.20	     83767.200	   0.013463875	  0.0036480154	     896.61633	     294.36676	     4229.1882	     20.753300
        854.82	        Sample	             1	     2.4537882	    0.42092569	     212437.20	     86575.200	  0.0086323808	  0.0017994472	     428.57192	     249.51490	     4246.9724	     20.750000
        860.50	        Sample	             1	     2.5627083	    0.43862931	     221467.20	     86419.200	  0.0077810002	  0.0016901515	     432.05653	     201.05825	     4252.6538	     20.750000
        866.18	        Sample	             1	     2.5864740	    0.44234923	     225321.20	     87115.200	  0.0078425256	  0.0014906357	     362.29067	     223.94736	     4258.3384	     20.760000
        871.85	        Sample	             1	     2.6403356	    0.45060010	     228091.20	     86387.200	  0.0090401070	  0.0014858200	     331.26996	     267.84756	     4264.0043	     20.760000
        877.54	        Sample	             1	     2.6654412	    0.45436309	     229103.20	     85953.200	  0.0062463451	  0.0011717475	     290.25579	     169.45423	     4269.6964	     20.763300
        883.32	        Sample	             1	     2.6884313	    0.45776406	     229423.20	     85337.200	  0.0089082773	  0.0016488942	     407.01739	     238.82652	     4275.4786	     20.763300
        889.00	        Sample	             1	     2.7161702	    0.46181152	     230117.20	     84721.200	  0.0077998410	  0.0013033944	     303.45762	     216.11839	     4281.1565	     20.766600
        894.69	        Sample	             1	     2.6905463	    0.45807481	     229173.20	     85177.200	  0.0070527825	  0.0014715816	     383.90651	     171.73480	     4286.8477	     20.770000
        900.46	        Sample	             1	     2.6973958	    0.45907874	     229573.20	     85109.200	  0.0086720696	  0.0013347923	     286.59709	     252.15325	     4292.6158	     20.770000
        906.24	        Sample	             1	     2.7079575	    0.46061950	     229145.20	     84619.200	  0.0081402445	  0.0017624502	     466.03795	     187.31117	     4298.3946	     20.770000
        912.01	        Sample	             1	     2.6938618	    0.45856122	     228491.20	     84819.200	  0.0070819621	  0.0014345076	     368.66302	     176.04784	     4304.1656	     20.770000
        917.70	        Sample	             1	     2.7079695	    0.46062123	     228599.20	     84417.200	  0.0085277906	  0.0016189018	     404.30213	     219.95741	     4309.8519	     20.773300
        923.45	        Sample	             1	     2.6930136	    0.45843687	     228072.40	     84690.400	  0.0080121795	  0.0015736704	     398.18404	     204.02477	     4315.6109	     20.773300
        932.19	        Sample	             1	     2.7051599	    0.46021223	     228538.40	     84482.400	  0.0087499381	  0.0017244314	     438.18669	     220.07654	     4324.3462	     20.786600
        937.95	        Sample	             1	     2.6622624	    0.45388948	     229296.40	     86128.400	  0.0072635312	  0.0017542143	     480.91382	     150.29165	     4330.1059	     20.786600
        943.62	        Sample	             1	     2.7115093	    0.46113566	     231710.40	     85454.400	  0.0091216825	  0.0015787073	     379.00257	     251.20510	     4335.7765	     20.780000
        949.30	        Sample	             1	     2.7062972	    0.46037787	     229630.40	     84850.400	  0.0068584204	  0.0011717902	     276.07169	     189.29454	     4341.4567	     20.780000
        954.99	        Sample	             1	     2.7229520	    0.46279189	     229600.40	     84320.400	  0.0067659912	  0.0013303156	     339.54118	     168.37239	     4347.1438	     20.780000
        960.75	        Sample	             1	     2.7156548	    0.46173687	     228724.40	     84224.400	  0.0087593712	  0.0013954831	     310.61874	     246.41386	     4352.9033	     20.793300
        966.43	        Sample	             1	     2.6996550	    0.45940905	     227560.40	     84292.400	  0.0089596638	  0.0017708252	     448.50606	     225.07776	     4358.5888	     20.796600
        972.11	        Sample	             1	     2.7012463	    0.45964147	     227840.40	     84346.400	  0.0063965447	  0.0013892674	     365.69156	     146.85188	     4364.2750	     20.796600
        977.89	        Sample	             1	     2.7023534	    0.45980306	     228182.40	     84438.400	  0.0068460817	  0.0014203993	     368.19903	     164.90891	     4370.0432	     20.790000
        983.55	        Sample	             1	     2.7037429	    0.46000572	     228640.40	     84564.400	  0.0072951250	  0.0014119258	     355.91217	     186.36636	     4375.7042	     20.790000
        989.24	        Sample	             1	     2.7022103	    0.45978217	     228278.40	     84478.400	  0.0066811731	  0.0014703398	     389.50873	     151.16112	     4381.3937	     20.800000
        994.92	        Sample	             1	     2.7036825	    0.45999690	     228132.40	     84378.400	  0.0090404214	  0.0017438205	     437.88847	     231.02335	     4387.0765	     20.800000
       1000.60	        Sample	             1	     2.7103020	    0.46096032	     228284.40	     84228.400	   0.010302204	  0.0018034111	     429.64343	     278.16353	     4392.7553	     20.803300
       1006.26	        Sample	             1	     2.7157375	    0.46174885	     228530.40	     84150.400	  0.0086168249	  0.0016982227	     431.73189	     214.51733	     4398.4197	     20.803300
       1011.94	        Sample	             1	     2.7366106	    0.46475557	     228442.40	     83476.400	   0.010061239	  0.0018715080	     463.38344	     255.96505	     4404.0986	     20.803300
       1017.64	        Sample	             1	     2.7088455	    0.46074863	     228676.40	     84418.400	  0.0084198340	  0.0016044547	     401.61018	     216.49651	     4409.8010	     20.806600
       1023.30	        Sample	             1	     2.7018702	    0.45973254	     228152.40	     84442.400	  0.0072975910	  0.0013256702	     322.47562	     194.35182	     4415.4641	     20.810000
       1028.99	        Sample	             1	     2.7237867	    0.46291231	     227840.40	     83648.400	  0.0074991252	  0.0012721464	     296.91005	     202.86942	     4421.1439	     20.810000
       1034.65	        Sample	             1	     2.7020312	    0.45975604	     227636.40	     84246.400	  0.0078577148	  0.0016970811	     445.44265	     181.23320	     4426.8051	     20.810000
       1040.32	        Sample	             1	     2.7207224	    0.46246998	     227600.40	     83654.400	  0.0090414114	  0.0015599258	     367.67806	     242.93989	     4432.4750	     20.813300
       1045.99	        Sample	             1	     2.7244377	    0.46300618	     226930.40	     83294.400	  0.0087943799	  0.0013977295	     308.84641	     243.80493	     4438.1481	     20.813300
       1051.64	        Sample	             1	     2.7265327	    0.46330808	     227628.40	     83486.400	   0.010616212	  0.0017215894	     388.32732	     292.20613	     4443.7993	     20.826600
       1057.32	        Sample	             1	     2.7118769	    0.46118902	     227218.40	     83786.400	  0.0084147030	  0.0017293200	     444.78641	     201.71684	     4449.4754	     20.826600
       1063.00	        Sample	             1	     2.7360884	    0.46468077	     227988.40	     83326.400	   0.010052450	  0.0013450814	     241.38678	     293.15561	     4455.1546	     20.820000
       1068.68	        Sample	             1	     2.7208317	    0.46248576	     228322.40	     83916.400	  0.0088149051	  0.0014355940	     325.44706	     244.14448	     4460.8410	     20.820000
       1074.34	        Sample	             1	     2.6934706	    0.45850388	     227906.40	     84614.400	  0.0074457806	  0.0012604431	     291.98270	     207.26997	     4466.4989	     20.820000
       1080.03	        Sample	             1	     2.7268327	    0.46335127	     228482.40	     83790.400	  0.0072342807	  0.0013164827	     321.96110	     188.34682	     4472.1825	     20.833300
       1085.69	        Sample	             1	     2.7351968	    0.46455298	     227766.40	     83272.400	  0.0072267730	  0.0013965468	     351.08733	     178.69409	     4477.8436	     20.833300
       1091.35	        Sample	             1	     2.7160740	    0.46179758	     226782.40	     83496.400	  0.0079890592	  0.0016218264	     414.33269	     192.47474	     4483.5070	     20.833300
       1097.06	        Sample	             1	     2.7064904	    0.46040599	     227898.40	     84204.400	  0.0082689151	  0.0019951457	     542.08875	     161.45327	     4489.2132	     20.836600
       1102.71	        Sample	             1	     2.7183168	    0.46212222	     227464.40	     83678.400	  0.0094708448	  0.0015588185	     354.79839	     260.69381	     4494.8703	     20.836600
       1108.38	        Sample	             1	     2.7347008	    0.46448186	     226920.00	     82978.000	  0.0094480449	  0.0015544248	     354.20363	     255.75111	     4500.5358	     20.830000
       1117.11	        Sample	             1	     2.7192865	    0.46226245	     227452.00	     83644.000	  0.0094971114	  0.0013365121	     256.96365	     276.42073	     4509.2681	     20.840000
       1122.78	        Sample	             1	     2.7068916	    0.46046440	     226556.00	     83696.000	  0.0094144925	  0.0017055912	     411.60124	     248.22061	     4514.9314	     20.840000
       1128.44	        Sample	             1	     2.7163958	    0.46184419	     227308.00	     83680.000	  0.0091256509	  0.0017196922	     425.75901	     233.37163	     4520.5947	     20.843300
       1134.13	        Sample	             1	     2.7226901	    0.46275410	     227606.00	     83596.000	  0.0090634195	  0.0017962650	     456.05609	     222.22037	     4526.2958	     20.843300
       1139.81	        Sample	             1	     2.7175162	    0.46200637	     227130.00	     83580.000	  0.0075480232	  0.0015028917	     381.45732	     184.90168	     4531.9613	     20.846600
       1145.48	        Sample	             1	     2.7353541	    0.46457552	     228134.00	     83402.000	  0.0083782723	  0.0018567275	     492.26330	     181.30463	     4537.6381	     20.846600
       1151.18	        Sample	             1	     2.7345620	    0.46446196	     227614.00	     83236.000	  0.0098080198	  0.0016399469	     379.30546	     264.36179	     4543.3343	     20.850000
       1156.96	        Sample	             1	     2.7025958	    0.45983841	     226764.00	     83906.000	  0.0089288529	  0.0016302162	     395.32532	     235.47444	     4549.1160	     20.850000
       1162.72	        Sample	             1	     2.7041386	    0.46006341	     227510.00	     84134.000	  0.0079186762	  0.0014157001	     340.26955	     211.81670	     4554.8789	     20.850000
       1168.40	        Sample	             1	     2.7172851	    0.46197294	     227002.00	     83540.000	  0.0083675839	  0.0015133507	     366.03681	     219.16396	     4560.5592	     20.853300
       1174.07	        Sample	             1	     2.7147410	    0.46160445	     226594.00	     83468.000	  0.0099549906	  0.0016614865	     380.43604	     272.11298	     4566.2240	     20.853300
       1179.75	        Sample	             1	     2.7076086	    0.46056874	     226968.00	     83826.000	  0.0097873419	  0.0018398768	     453.92696	     252.40694	     4571.9075	     20.866600
       1185.54	        Sample	             1	     2.7199856	    0.46236351	     226330.00	     83210.000	  0.0095991713	  0.0014384999	     298.60412	     272.36624	     4577.6898	     20.866600
       1191.31	        Sample	             1	     2.7059666	    0.46032973	     226760.00	     83800.000	  0.0085770674	  0.0016052957	     394.72735	     221.97961	     4583.4629	     20.860000
       1196.96	        Sample	             1	     2.7293852	    0.46371858	     227396.00	     83314.000	  0.0074994532	  0.0012826962	     300.77934	     200.64895	     4589.1213	     20.860000
       1202.65	        Sample	             1	     2.7110786	    0.46107313	     226310.00	     83476.000	  0.0087999406	  0.0016617858	     409.87058	     224.85738	     4594.8010	     20.860000
       1208.33	        Sample	             1	     2.7067254	    0.46044020	     227392.00	     84010.000	  0.0077525730	  0.0014163985	     344.72384	     204.15216	     4600.4901	     20.860000
       1214.10	        Sample	             1	     2.7012220	    0.45963792	     226800.00	     83962.000	  0.0059218494	  0.0012919837	     339.05628	     134.63322	     4606.2526	     20.873300
