Space=Time,Sample,Iteration
Columns=Time,Sample,Iteration,Ratio,GPolarization,I1,I2,RatioStdError,GPolarizationStdError,I1StdError,I2StdError,RealTime,RealTemperature
Dark=108.8, 571.2
[Data]
          0.00	        Sample	             1	     1.5201541	    0.20639774	     344668.80	     226732.80	  0.0036707730	  0.0011136433	     395.26081	     481.81878	     3863.4977	     5.0033000
          2.63	        Sample	             1	     1.4929202	    0.19772802	     337896.80	     226332.80	  0.0066944286	  0.0022214104	     934.85685	     798.69226	     3866.1318	     5.0033000
          5.68	        Sample	             1	     1.5085111	    0.20271430	     339168.80	     224836.80	  0.0056463627	  0.0017707063	     667.52611	     715.83487	     3869.1859	     5.0033000
          8.71	        Sample	             1	     1.4968608	    0.19899419	     339692.80	     226936.80	  0.0057331351	  0.0020935899	     1039.4050	     522.79760	     3872.2138	     5.0033000
         11.77	        Sample	             1	     1.5112572	    0.20358614	     342548.80	     226664.80	  0.0054237472	  0.0021381343	     1163.1375	     263.41012	     3875.2675	     5.0066000
         14.81	        Sample	             1	     1.4983627	    0.19947572	     340800.80	     227448.80	  0.0051074724	  0.0019093085	     978.50771	     417.87824	     3878.3099	     5.0033000
         17.86	        Sample	             1	     1.5009238	    0.20029550	     343796.80	     229056.80	  0.0045709110	  0.0013977324	     483.09373	     618.87496	     3881.3638	     5.0033000
         20.92	        Sample	             1	     1.5028599	    0.20091412	     343464.80	     228540.80	  0.0050103262	  0.0016926914	     758.46512	     570.80995	     3884.4168	     5.0033000
         23.95	        Sample	             1	     1.5061198	    0.20195354	     346420.80	     230008.80	  0.0046298834	  0.0016633092	     827.95169	     444.67216	     3887.4540	     5.0033000
         27.01	        Sample	             1	     1.5182488	    0.20579729	     346732.80	     228376.80	  0.0046697341	  0.0014896309	     610.05501	     576.14967	     3890.5152	     5.0033000
         30.14	        Sample	             1	     1.5100460	    0.20320185	     347764.80	     230300.80	  0.0057978321	  0.0018676725	     775.33534	     719.89629	     3893.6471	     5.0000000
         33.16	        Sample	             1	     1.5117942	    0.20375642	     348088.80	     230248.80	  0.0050459186	  0.0019081286	     1014.3022	     374.77104	     3896.6623	     5.0000000
         36.14	        Sample	             1	     1.4981827	    0.19941805	     348232.80	     232436.80	  0.0048655459	  0.0017085328	     824.32895	     516.80385	     3899.6340	     5.0000000
         39.18	        Sample	             1	     1.5101723	    0.20324194	     348820.80	     230980.80	  0.0054873113	  0.0017912999	     768.34714	     667.48749	     3902.6838	     5.0000000
         42.22	        Sample	             1	     1.5066425	    0.20211996	     350572.80	     232684.80	  0.0040917333	  0.0015000263	     775.06014	     367.00348	     3905.7205	     5.0000000
         45.26	        Sample	             1	     1.5050382	    0.20160898	     351180.80	     233336.80	  0.0049999202	  0.0015112066	     516.32204	     695.12717	     3908.7671	     5.0000000
         48.30	        Sample	             1	     1.5154029	    0.20489876	     352568.80	     232656.80	  0.0068092706	  0.0019786498	     586.12854	     971.23152	     3911.8049	     4.9900000
         51.36	        Sample	             1	     1.5138097	    0.20439484	     353148.80	     233284.80	  0.0044397953	  0.0014043674	     569.72508	     571.38273	     3914.8596	     4.9900000
         54.41	        Sample	             1	     1.5194120	    0.20616396	     354540.80	     233340.80	  0.0053846091	  0.0016364387	     599.84591	     726.60673	     3917.9121	     4.9900000
         57.44	        Sample	             1	     1.5135246	    0.20430459	     356496.80	     235540.80	  0.0036560114	  0.0013032182	     663.05823	     363.03902	     3920.9425	     4.9900000
         60.50	        Sample	             1	     1.5075628	    0.20241279	     357136.80	     236896.80	  0.0034669093	  0.0011736690	     551.23457	     403.85036	     3924.0011	     5.0000000
         63.54	        Sample	             1	     1.5173284	    0.20550691	     358448.80	     236236.80	  0.0046821564	  0.0014034765	     492.07949	     652.86514	     3927.0417	     5.0000000
         66.60	        Sample	             1	     1.5063359	    0.20202237	     357948.80	     237628.80	  0.0043065181	  0.0014305265	     649.43052	     525.03545	     3930.0978	     4.9900000
         69.63	        Sample	             1	     1.5072154	    0.20230228	     357952.80	     237492.80	  0.0059461259	  0.0019775199	     900.71478	     721.60808	     3933.1359	     4.9900000
         72.68	        Sample	             1	     1.5121103	    0.20385663	     360548.80	     238440.80	  0.0036678274	  0.0012940639	     656.29262	     382.27622	     3936.1777	     4.9900000
         75.71	        Sample	             1	     1.5065762	    0.20209885	     360964.80	     239592.80	  0.0050612687	  0.0018301131	     957.35190	     494.03374	     3939.2142	     4.9900000
         78.76	        Sample	             1	     1.5016149	    0.20051645	     360400.80	     240008.80	  0.0051760563	  0.0016073619	     615.64925	     718.57266	     3942.2644	     4.9900000
         81.77	        Sample	             1	     1.5138654	    0.20441245	     362880.80	     239704.80	  0.0056766082	  0.0019509723	     959.35256	     637.42398	     3945.2745	     4.9900000
         84.75	        Sample	             1	     1.5142212	    0.20452503	     363468.80	     240036.80	  0.0065081620	  0.0020995171	     919.40077	     834.09139	     3948.2495	     4.9900000
         87.78	        Sample	             1	     1.5203290	    0.20645282	     363280.80	     238948.80	  0.0048292944	  0.0017634814	     944.07250	     436.47069	     3951.2866	     4.9900000
         90.79	        Sample	             1	     1.5112694	    0.20359002	     363636.80	     240616.80	  0.0037197288	  0.0011758792	     488.25494	     496.35292	     3954.2901	     4.9900000
         93.77	        Sample	             1	     1.5082497	    0.20263124	     365208.80	     242140.80	  0.0048351155	  0.0016756555	     836.69721	     542.97289	     3957.2771	     4.9900000
         96.83	        Sample	             1	     1.5149597	    0.20475864	     366148.80	     241688.80	  0.0042632535	  0.0014764098	     741.62584	     472.16758	     3960.3276	     4.9900000
         99.87	        Sample	             1	     1.5137889	    0.20438824	     366192.80	     241904.80	  0.0049767298	  0.0016357605	     750.28765	     621.95248	     3963.3729	     4.9900000
        102.91	        Sample	             1	     1.5137421	    0.20437343	     367428.80	     242728.80	  0.0043688637	  0.0013749186	     572.61971	     589.63642	     3966.4099	     4.9900000
        105.96	        Sample	             1	     1.5220449	    0.20699269	     369352.80	     242668.80	  0.0056097939	  0.0019192411	     959.35997	     634.56022	     3969.4568	     4.9900000
        109.00	        Sample	             1	     1.5152518	    0.20485099	     369140.80	     243616.80	  0.0036676794	  0.0012995808	     679.83789	     382.64808	     3972.5094	     4.9900000
        112.03	        Sample	             1	     1.5068762	    0.20219434	     367636.80	     243972.80	  0.0050569433	  0.0016976302	     808.00000	     618.73563	     3975.5326	     4.9900000
        115.10	        Sample	             1	     1.5123842	    0.20394341	     369736.80	     244472.80	  0.0055350681	  0.0017423302	     728.83591	     753.85705	     3978.6012	     5.0000000
        118.13	        Sample	             1	     1.5153380	    0.20487825	     370840.80	     244724.80	  0.0038082091	  0.0012814108	     622.68380	     457.59565	     3981.6288	     5.0000000
        121.19	        Sample	             1	     1.5038822	    0.20124036	     369408.80	     245636.80	  0.0045336142	  0.0013236217	     398.54179	     691.45386	     3984.6903	     4.9900000
        124.22	        Sample	             1	     1.5141567	    0.20450462	     370884.80	     244944.80	  0.0039856146	  0.0013764629	     697.09747	     451.38601	     3987.7241	     4.9900000
        127.28	        Sample	             1	     1.5180769	    0.20574308	     372160.80	     245152.80	  0.0037351168	  0.0012529564	     609.26331	     450.28189	     3990.7812	     5.0000000
        130.33	        Sample	             1	     1.5226340	    0.20717789	     373332.80	     245188.80	  0.0046160442	  0.0016037781	     829.18327	     505.92929	     3993.8246	     5.0000000
        133.38	        Sample	             1	     1.5127939	    0.20407320	     372892.80	     246492.80	  0.0055809941	  0.0019063257	     953.12725	     655.72894	     3996.8799	     4.9900000
        136.43	        Sample	             1	     1.5138005	    0.20439191	     374224.80	     247208.80	  0.0043349762	  0.0013855453	     611.11046	     581.53055	     3999.9277	     4.9900000
        139.46	        Sample	             1	     1.4982557	    0.19944142	     371400.80	     247888.80	  0.0043607379	  0.0014600463	     692.25686	     554.13596	     4002.9633	     4.9900000
        142.51	        Sample	             1	     1.5141441	    0.20450065	     374636.80	     247424.80	  0.0047299236	  0.0016956916	     913.59704	     483.04405	     4006.0114	     4.9900000
        145.56	        Sample	             1	     1.5131130	    0.20417426	     375664.80	     248272.80	  0.0053109490	  0.0016876588	     735.93357	     723.06631	     4009.0617	     4.9900000
        148.60	        Sample	             1	     1.5100586	    0.20320584	     375256.80	     248504.80	  0.0049110662	  0.0015380402	     641.02834	     687.73251	     4012.1043	     5.0000000
        151.66	        Sample	             1	     1.5142620	    0.20453794	     375816.80	     248184.80	  0.0054006326	  0.0018353607	     918.26019	     644.80006	     4015.1644	     5.0000000
        154.71	        Sample	             1	     1.5165446	    0.20525946	     376152.80	     248032.80	  0.0048468351	  0.0016716908	     858.30738	     555.03994	     4018.2115	     5.0000000
        157.76	        Sample	             1	     1.5084880	    0.20270696	     374564.80	     248304.80	  0.0046411576	  0.0016566483	     885.08029	     489.26067	     4021.2559	     4.9900000
        160.80	        Sample	             1	     1.5205807	    0.20653205	     377664.80	     248368.80	  0.0054958067	  0.0017459064	     773.96411	     739.42320	     4024.3003	     4.9900000
        163.86	        Sample	             1	     1.5160273	    0.20509607	     379268.80	     250172.80	  0.0047503153	  0.0014439146	     561.64837	     690.82109	     4027.3650	     4.9900000
        166.89	        Sample	             1	     1.5180886	    0.20574678	     378132.80	     249084.80	  0.0041443700	  0.0013556901	     639.17169	     533.97295	     4030.3928	     4.9900000
        169.93	        Sample	             1	     1.5158860	    0.20505141	     379172.80	     250132.80	  0.0044527404	  0.0013745881	     561.78129	     634.42572	     4033.4329	     5.0000000
        172.99	        Sample	             1	     1.5182668	    0.20580299	     379640.80	     250048.80	  0.0035925503	  0.0013159906	     738.40790	     336.95367	     4036.4921	     5.0000000
        176.04	        Sample	             1	     1.5071817	    0.20229155	     379352.80	     251696.80	  0.0063831717	  0.0021000241	     991.99373	     838.51827	     4039.5444	     5.0000000
        179.09	        Sample	             1	     1.5206239	    0.20654565	     381160.80	     250660.80	  0.0037826651	  0.0012923622	     664.58475	     444.73413	     4042.5969	     4.9900000
        182.08	        Sample	             1	     1.5190494	    0.20604972	     381488.00	     251136.00	  0.0051880936	  0.0018670258	     1031.2142	     524.24930	     4045.5824	     4.9900000
        188.11	        Sample	             1	     1.5143787	    0.20457486	     381684.00	     252040.00	  0.0041711592	  0.0014031659	     700.86296	     517.43642	     4051.6108	     4.9900000
        191.16	        Sample	             1	     1.5179849	    0.20571407	     381840.00	     251544.00	  0.0056915286	  0.0020157889	     1091.5791	     610.25314	     4054.6623	     4.9900000
        194.21	        Sample	             1	     1.5267790	    0.20847848	     384388.00	     251764.00	  0.0049068151	  0.0016800416	     877.80433	     569.32709	     4057.7179	     5.0000000
        197.25	        Sample	             1	     1.5182825	    0.20580794	     383172.00	     252372.00	  0.0029713755	 0.00088645603	     327.03653	     444.46422	     4060.7540	     5.0000000
        200.29	        Sample	             1	     1.5190877	    0.20606179	     383916.00	     252728.00	  0.0045961964	  0.0016568921	     922.93349	     464.30641	     4063.7960	     5.0000000
        203.35	        Sample	             1	     1.5169443	    0.20538569	     384600.00	     253536.00	  0.0057943841	  0.0020823252	     1156.5804	     597.14283	     4066.8524	     4.9900000
        206.39	        Sample	             1	     1.5170511	    0.20541939	     383820.00	     253004.00	  0.0044548962	  0.0015805423	     861.90384	     478.74837	     4069.8942	     5.0000000
        209.43	        Sample	             1	     1.5116151	    0.20369966	     385480.00	     255012.00	  0.0065529031	  0.0020961503	     950.97985	     909.01754	     4072.9268	     5.0000000
        212.48	        Sample	             1	     1.5251209	    0.20795873	     385880.00	     253016.00	  0.0059234268	  0.0018949275	     877.79927	     796.49901	     4075.9793	     5.0000000
        215.53	        Sample	             1	     1.5132019	    0.20420242	     385352.00	     254660.00	  0.0038795887	  0.0012421678	     565.99333	     535.14526	     4079.0343	     4.9900000
        218.57	        Sample	             1	     1.5162692	    0.20517248	     385284.00	     254100.00	  0.0058510940	  0.0019583318	     980.32648	     737.18865	     4082.0691	     5.0000000
        221.62	        Sample	             1	     1.5184467	    0.20585971	     385236.00	     253704.00	  0.0031061749	  0.0010518112	     538.04750	     379.19212	     4085.1210	     5.0000000
        224.67	        Sample	             1	     1.5188393	    0.20598349	     386496.00	     254468.00	  0.0046274236	  0.0013399681	     433.72495	     720.77612	     4088.1685	     4.9900000
        227.71	        Sample	             1	     1.5067357	    0.20214964	     385200.00	     255652.00	  0.0038049929	  0.0013211761	     697.12298	     450.26609	     4091.2104	     5.0000000
        230.76	        Sample	             1	     1.5148843	    0.20473479	     387568.00	     255840.00	  0.0055707064	  0.0019581042	     1063.5822	     626.24667	     4094.2602	     5.0000000
        233.81	        Sample	             1	     1.5100512	    0.20320350	     387008.00	     256288.00	  0.0036292289	  0.0013900802	     831.88033	     275.53262	     4097.3159	     5.0000000
        236.86	        Sample	             1	     1.5147851	    0.20470343	     387888.00	     256068.00	  0.0043834839	  0.0014084235	     652.76710	     602.82151	     4100.3568	     5.0000000
        239.89	        Sample	             1	     1.5257724	    0.20816301	     389548.00	     255312.00	  0.0035582744	  0.0011359978	     529.33333	     483.90265	     4103.3956	     5.0000000
        242.96	        Sample	             1	     1.5200538	    0.20636615	     388848.00	     255812.00	  0.0048743290	  0.0015766736	     748.76372	     655.94173	     4106.4614	     5.0000000
        246.00	        Sample	             1	     1.5180975	    0.20574957	     389392.00	     256500.00	  0.0048798606	  0.0015507263	     706.61132	     680.56055	     4109.5032	     5.0000000
        249.04	        Sample	             1	     1.5236003	    0.20748148	     391224.00	     256776.00	  0.0045057686	  0.0016412949	     944.54222	     438.53493	     4112.5384	     5.0000000
        252.03	        Sample	             1	     1.5141394	    0.20449917	     389152.00	     257012.00	  0.0043168934	  0.0015606907	     882.63847	     443.98398	     4115.5332	     4.9900000
        255.11	        Sample	             1	     1.5158884	    0.20505219	     390220.00	     257420.00	  0.0046937190	  0.0014721625	     647.82577	     672.81036	     4118.6108	     4.9900000
        258.12	        Sample	             1	     1.5170239	    0.20541081	     390664.00	     257520.00	  0.0048246243	  0.0014894807	     628.84727	     706.34458	     4121.6213	     5.0000000
        261.10	        Sample	             1	     1.5299457	    0.20946919	     393092.00	     256932.00	  0.0042939444	  0.0014330247	     737.13077	     536.52545	     4124.6003	     5.0000000
        264.14	        Sample	             1	     1.5232846	    0.20738230	     391868.00	     257252.00	  0.0032817045	  0.0011671020	     653.64482	     350.74777	     4127.6466	     4.9900000
        267.19	        Sample	             1	     1.5149355	    0.20475099	     391120.00	     258176.00	  0.0039554361	  0.0013207814	     667.55141	     510.12155	     4130.6941	     4.9900000
        270.23	        Sample	             1	     1.5181115	    0.20575400	     391776.00	     258068.00	  0.0057907033	  0.0017356217	     666.47464	     881.05896	     4133.7282	     5.0000000
        273.28	        Sample	             1	     1.5158558	    0.20504188	     391588.00	     258328.00	  0.0045225014	  0.0014426988	     664.88963	     633.72479	     4136.7842	     5.0000000
        276.33	        Sample	             1	     1.5146404	    0.20465765	     390444.00	     257780.00	  0.0040769239	  0.0011527088	     310.65522	     662.85443	     4139.8311	     5.0000000
        279.37	        Sample	             1	     1.5096442	    0.20307427	     391336.00	     259224.00	  0.0061831147	  0.0021140596	     1108.3008	     766.98544	     4142.8668	     5.0000000
        282.42	        Sample	             1	     1.5276521	    0.20875185	     394232.00	     258064.00	  0.0073713870	  0.0022323562	     917.63561	     1090.7775	     4145.9195	     5.0000000
        285.47	        Sample	             1	     1.5174278	    0.20553829	     391812.00	     258208.00	  0.0036488072	  0.0013067326	     736.35861	     387.31899	     4148.9672	     5.0000000
        288.52	        Sample	             1	     1.5159664	    0.20507683	     392132.00	     258668.00	  0.0062615543	  0.0019202297	     795.20899	     930.76695	     4152.0236	     4.9900000
        291.52	        Sample	             1	     1.5189821	    0.20602848	     392748.00	     258560.00	  0.0042618139	  0.0015385805	     878.24977	     438.14559	     4155.0199	     5.0000000
        294.46	        Sample	             1	     1.5129249	    0.20411471	     393772.00	     260272.00	  0.0043025735	  0.0012457707	     398.57747	     691.71092	     4157.9575	     5.0000000
        297.44	        Sample	             1	     1.5146496	    0.20466056	     392476.00	     259120.00	  0.0051488065	  0.0017882321	     966.77333	     607.01675	     4160.9392	     5.0000000
        300.49	        Sample	             1	     1.5243357	    0.20771236	     392864.00	     257728.00	  0.0037995906	  0.0012207335	     580.51318	     517.36770	     4163.9956	     5.0000000
        303.51	        Sample	             1	     1.5111551	    0.20355378	     393668.00	     260508.00	  0.0057303406	  0.0020596024	     1168.3295	     614.90957	     4167.0143	     5.0000000
        306.55	        Sample	             1	     1.5200185	    0.20635502	     394992.00	     259860.00	  0.0044885209	  0.0013950342	     610.85878	     653.69922	     4170.0537	     5.0000000
        309.61	        Sample	             1	     1.5173852	    0.20552485	     394332.00	     259876.00	  0.0061199837	  0.0021001157	     1122.3159	     742.65709	     4173.1096	     5.0000000
        312.65	        Sample	             1	     1.5161523	    0.20513557	     394424.00	     260148.00	  0.0048702475	  0.0017188853	     956.12180	     548.30486	     4176.1534	     4.9900000
        315.70	        Sample	             1	     1.5095862	    0.20305585	     395264.00	     261836.00	  0.0041045946	  0.0011783119	     350.39026	     673.03756	     4179.1967	     5.0000000
        318.73	        Sample	             1	     1.5187095	    0.20594257	     394664.00	     259868.00	  0.0058512366	  0.0017618852	     694.69098	     890.61177	     4182.2308	     5.0000000
        321.77	        Sample	             1	     1.5140453	    0.20446938	     395832.00	     261440.00	  0.0038113706	  0.0013547210	     762.63403	     423.58051	     4185.2739	     5.0000000
        324.81	        Sample	             1	     1.5155162	    0.20493457	     395380.00	     260888.00	  0.0044276527	  0.0013929440	     625.68576	     640.69962	     4188.3119	     5.0000000
        327.81	        Sample	             1	     1.5173165	    0.20550316	     395704.00	     260792.00	  0.0033898632	  0.0011933937	     664.10173	     384.58289	     4191.3059	     5.0000000
        330.78	        Sample	             1	     1.5193049	    0.20613024	     395548.00	     260348.00	  0.0034497933	  0.0011365733	     569.17718	     457.29446	     4194.2818	     5.0000000
        333.83	        Sample	             1	     1.5130192	    0.20414456	     394432.00	     260692.00	  0.0037325470	  0.0012722273	     670.62293	     465.98236	     4197.3325	     5.0000000
        336.87	        Sample	             1	     1.5234392	    0.20743087	     397252.00	     260760.00	  0.0052927489	  0.0017965849	     955.09953	     653.96432	     4200.3756	     5.0000000
        339.91	        Sample	             1	     1.5107397	    0.20342201	     395560.00	     261832.00	  0.0049921265	  0.0016018357	     750.23433	     708.49575	     4203.4125	     5.0000000
        342.97	        Sample	             1	     1.5134590	    0.20428381	     396048.00	     261684.00	  0.0037283882	  0.0011771497	     532.67292	     540.09876	     4206.4684	     5.0000000
        346.02	        Sample	             1	     1.5100386	    0.20319949	     396216.00	     262388.00	  0.0054447391	  0.0017182726	     772.20147	     795.97767	     4209.5229	     5.0000000
        349.07	        Sample	             1	     1.5126627	    0.20403164	     396124.00	     261872.00	  0.0042694850	  0.0014497986	     762.55127	     540.54458	     4212.5715	     5.0000000
        352.12	        Sample	             1	     1.5119975	    0.20382088	     394964.00	     261220.00	  0.0050277546	  0.0018356811	     1065.3867	     507.94400	     4215.6167	     5.0000000
        355.16	        Sample	             1	     1.5261481	    0.20828080	     398636.00	     261204.00	  0.0043454188	  0.0014885066	     806.77244	     523.14434	     4218.6579	     5.0000000
        358.20	        Sample	             1	     1.5235027	    0.20745083	     399176.00	     262012.00	  0.0056351679	  0.0019114594	     1019.9922	     700.70568	     4221.7024	     5.0000000
        361.26	        Sample	             1	     1.5130634	    0.20415857	     397972.00	     263024.00	  0.0061013517	  0.0018211898	     687.51533	     958.36898	     4224.7592	     5.0000000
        364.30	        Sample	             1	     1.5089593	    0.20285673	     396808.00	     262968.00	  0.0033954856	  0.0011828832	     647.13248	     407.71232	     4227.8031	     5.0000000
        367.36	        Sample	             1	     1.5196316	    0.20623316	     398215.20	     262047.20	  0.0052580088	  0.0017780078	     938.93651	     663.57818	     4230.8576	     5.0000000
        373.35	        Sample	             1	     1.5108359	    0.20345253	     397427.20	     263051.20	  0.0039610888	  0.0013772168	     753.33215	     476.46103	     4236.8512	     5.0000000
        376.39	        Sample	             1	     1.5151434	    0.20481672	     399051.20	     263375.20	  0.0048696846	  0.0016060734	     809.42888	     656.61895	     4239.8905	     5.0000000
        379.44	        Sample	             1	     1.5136801	    0.20435380	     397715.20	     262747.20	  0.0052236178	  0.0018584149	     1052.2661	     582.14011	     4242.9430	     5.0000000
        382.49	        Sample	             1	     1.5203615	    0.20646304	     400103.20	     263163.20	  0.0062804846	  0.0019167908	     805.82877	     949.14230	     4245.9889	     5.0000000
        385.54	        Sample	             1	     1.5079959	    0.20255053	     397259.20	     263435.20	  0.0032751851	  0.0010720568	     525.24534	     453.91335	     4249.0401	     5.0000000
        388.57	        Sample	             1	     1.5014832	    0.20047435	     397231.20	     264559.20	  0.0053781181	  0.0018896002	     1043.0732	     644.49670	     4252.0721	     4.9900000
        391.62	        Sample	             1	     1.5182533	    0.20579872	     398783.20	     262659.20	  0.0052296067	  0.0020534975	     1296.3024	     299.22567	     4255.1304	     5.0000000
        394.67	        Sample	             1	     1.5124669	    0.20396962	     397487.20	     262807.20	  0.0048502160	  0.0018531388	     1136.6297	     381.45686	     4258.1686	     5.0000000
        397.72	        Sample	             1	     1.5174546	    0.20554675	     400467.20	     263907.20	  0.0029664653	  0.0010162579	     550.14180	     367.05192	     4261.2229	     5.0000000
        400.77	        Sample	             1	     1.5141976	    0.20451758	     399559.20	     263875.20	  0.0048194811	  0.0016675111	     912.34399	     585.11309	     4264.2717	     5.0000000
        403.83	        Sample	             1	     1.5201923	    0.20640975	     400551.20	     263487.20	  0.0036480007	  0.0013363593	     791.62393	     358.63693	     4267.3315	     5.0000000
        406.87	        Sample	             1	     1.5178620	    0.20567528	     400447.20	     263823.20	  0.0056970757	  0.0018506191	     910.64714	     787.77887	     4270.3671	     5.0000000
        409.91	        Sample	             1	     1.5111944	    0.20356624	     399371.20	     264275.20	  0.0047226941	  0.0016310088	     887.63957	     580.59892	     4273.4129	     5.0000000
        412.96	        Sample	             1	     1.5102836	    0.20327728	     399819.20	     264731.20	  0.0044081236	  0.0013032486	     468.53720	     707.66722	     4276.4567	     4.9900000
        416.01	        Sample	             1	     1.5115173	    0.20366865	     400067.20	     264679.20	  0.0042190093	  0.0014765815	     821.27705	     500.57567	     4279.5142	     5.0000000
        419.06	        Sample	             1	     1.5129919	    0.20413591	     401123.20	     265119.20	  0.0048640222	  0.0016589812	     890.26338	     616.61297	     4282.5578	     5.0000000
        422.09	        Sample	             1	     1.5144098	    0.20458470	     399827.20	     264015.20	  0.0044036937	  0.0016587222	     1009.1880	     381.20511	     4285.5923	     5.0000000
        425.15	        Sample	             1	     1.5116811	    0.20372056	     400455.20	     264907.20	  0.0052925783	  0.0017447371	     878.20119	     722.98640	     4288.6465	     5.0000000
        428.16	        Sample	             1	     1.5199259	    0.20632587	     401715.20	     264299.20	  0.0047871934	  0.0014914002	     668.41903	     706.79747	     4291.6613	     4.9900000
        431.24	        Sample	             1	     1.5138350	    0.20440284	     400523.20	     264575.20	  0.0042553247	  0.0014042442	     710.07981	     577.13623	     4294.7416	     5.0000000
        434.29	        Sample	             1	     1.5120824	    0.20384778	     400271.20	     264715.20	  0.0046686620	  0.0014284163	     593.59695	     716.87718	     4297.7898	     5.0000000
        437.33	        Sample	             1	     1.5126113	    0.20401536	     400411.20	     264715.20	  0.0046506781	  0.0013919388	     533.89304	     733.37697	     4300.8285	     5.0000000
        440.38	        Sample	             1	     1.5084145	    0.20268360	     399831.20	     265067.20	  0.0037364666	  0.0012352124	     621.91246	     511.00598	     4303.8860	     5.0000000
        443.44	        Sample	             1	     1.5082017	    0.20261597	     400215.20	     265359.20	  0.0050684929	  0.0014844063	     504.02998	     826.78386	     4306.9469	     5.0000000
        446.49	        Sample	             1	     1.5137294	    0.20436941	     401591.20	     265299.20	  0.0038490394	  0.0013801602	     797.15160	     421.60329	     4309.9894	     5.0000000
        449.53	        Sample	             1	     1.5182639	    0.20580206	     401215.20	     264259.20	  0.0034992036	  0.0012324220	     696.12387	     400.89677	     4313.0345	     5.0000000
        452.59	        Sample	             1	     1.5189212	    0.20600931	     402215.20	     264803.20	  0.0036287584	  0.0012392969	     671.26547	     452.66618	     4316.0870	     5.0000000
        455.62	        Sample	             1	     1.5049807	    0.20159064	     399583.20	     265507.20	  0.0036930148	  0.0011982589	     576.86509	     526.83373	     4319.1238	     5.0000000
        458.69	        Sample	             1	     1.5184180	    0.20585065	     403175.20	     265523.20	  0.0052751492	  0.0019656359	     1193.4346	     482.88025	     4322.1886	     5.0000000
        461.72	        Sample	             1	     1.5130898	    0.20416691	     402311.20	     265887.20	  0.0041705194	  0.0016467982	     1053.6885	     228.34282	     4325.2196	     5.0000000
        464.77	        Sample	             1	     1.5158753	    0.20504804	     401463.20	     264839.20	  0.0036688474	  0.0012436070	     662.68813	     468.77429	     4328.2692	     5.0033000
        467.82	        Sample	             1	     1.5117992	    0.20375801	     402627.20	     266323.20	  0.0044621669	  0.0015049571	     794.69799	     584.45036	     4331.3157	     5.0000000
        470.86	        Sample	             1	     1.5087114	    0.20277796	     402559.20	     266823.20	  0.0049801773	  0.0016267709	     804.83980	     700.83759	     4334.3627	     5.0000000
        473.91	        Sample	             1	     1.5152935	    0.20486418	     402703.20	     265759.20	  0.0040835079	  0.0015067815	     903.43050	     396.80726	     4337.4106	     5.0000000
        476.95	        Sample	             1	     1.5160635	    0.20510752	     402659.20	     265595.20	  0.0048959456	  0.0015038867	     642.97088	     745.51816	     4340.4459	     5.0000000
        480.00	        Sample	             1	     1.5228955	    0.20726006	     402975.20	     264611.20	  0.0038208662	  0.0012452761	     624.56527	     522.07449	     4343.5068	     5.0000000
        483.03	        Sample	             1	     1.5174263	    0.20553780	     403027.20	     265599.20	  0.0055461614	  0.0019501167	     1103.5007	     643.06074	     4346.5283	     5.0000000
        486.10	        Sample	             1	     1.5118109	    0.20376172	     402999.20	     266567.20	  0.0049214613	  0.0016049917	     795.35205	     690.10659	     4349.5994	     5.0000000
        489.14	        Sample	             1	     1.5144468	    0.20459643	     402375.20	     265691.20	  0.0048944641	  0.0017912093	     1062.8440	     494.76549	     4352.6386	     5.0000000
        492.19	        Sample	             1	     1.5089721	    0.20286079	     402031.20	     266427.20	  0.0035971938	  0.0012174661	     644.20977	     470.24155	     4355.6960	     5.0000000
        495.22	        Sample	             1	     1.5084703	    0.20270133	     402555.20	     266863.20	  0.0044108178	  0.0015397177	     856.86353	     535.00571	     4358.7253	     5.0000000
        498.26	        Sample	             1	     1.5067610	    0.20215769	     401683.20	     266587.20	  0.0037071891	  0.0012678854	     681.01884	     475.31791	     4361.7561	     5.0033000
        501.30	        Sample	             1	     1.5057428	    0.20183348	     402839.20	     267535.20	  0.0036871250	  0.0013260863	     768.57039	     410.66017	     4364.7993	     5.0000000
        504.37	        Sample	             1	     1.5119873	    0.20381762	     403675.20	     266983.20	  0.0046515802	  0.0014666255	     672.26450	     690.61647	     4367.8678	     5.0000000
        507.37	        Sample	             1	     1.5193594	    0.20614739	     403899.20	     265835.20	  0.0036580118	  0.0012169752	     633.66868	     485.47983	     4370.8725	     5.0000000
        510.37	        Sample	             1	     1.5129117	    0.20411052	     401483.20	     265371.20	  0.0047632326	  0.0015196502	     714.94522	     689.00701	     4373.8645	     5.0000000
        513.41	        Sample	             1	     1.5147125	    0.20468046	     403003.20	     266059.20	  0.0028983457	 0.00094679778	     472.53454	     402.31331	     4376.9090	     5.0000000
        516.45	        Sample	             1	     1.5146988	    0.20467612	     401315.20	     264947.20	  0.0033750196	  0.0012580121	     759.90175	     311.16698	     4379.9522	     5.0000000
        519.51	        Sample	             1	     1.5097497	    0.20310779	     403603.20	     267331.20	  0.0034827204	  0.0011699788	     613.82589	     463.67805	     4383.0096	     5.0000000
        522.55	        Sample	             1	     1.5213579	    0.20677664	     405051.20	     266243.20	  0.0053232885	  0.0016769623	     782.15202	     776.88838	     4386.0563	     5.0000000
        525.60	        Sample	             1	     1.5129732	    0.20412998	     403563.20	     266735.20	  0.0044727022	  0.0014928150	     776.36189	     598.72605	     4389.1014	     5.0000000
        528.65	        Sample	             1	     1.5088949	    0.20283628	     401087.20	     265815.20	  0.0055847529	  0.0018482842	     936.08072	     763.59501	     4392.1487	     5.0000000
        531.69	        Sample	             1	     1.5119282	    0.20379889	     401603.20	     265623.20	  0.0044487940	  0.0014908064	     776.40768	     589.21417	     4395.1914	     5.0000000
        534.70	        Sample	             1	     1.5097311	    0.20310189	     403127.20	     267019.20	  0.0036937543	  0.0012022926	     591.92943	     522.56462	     4398.1991	     5.0000000
        537.78	        Sample	             1	     1.5172668	    0.20548746	     404071.20	     266315.20	  0.0044580549	  0.0014158535	     667.65394	     647.03907	     4401.2804	     5.0000000
        540.82	        Sample	             1	     1.5234541	    0.20743556	     404823.20	     265727.20	  0.0039299401	  0.0014028825	     815.54345	     428.14120	     4404.3234	     5.0000000
        543.86	        Sample	             1	     1.5170846	    0.20542998	     403179.20	     265759.20	  0.0057464658	  0.0021634891	     1327.3492	     497.83353	     4407.3630	     5.0000000
        546.91	        Sample	             1	     1.5110512	    0.20352083	     402319.20	     266251.20	  0.0028933930	 0.00091444318	     419.66971	     427.53245	     4410.4063	     5.0000000
        549.94	        Sample	             1	     1.5114360	    0.20364287	     404211.20	     267435.20	  0.0052941460	  0.0016273191	     692.37883	     817.10165	     4413.4436	     5.0000000
        552.98	        Sample	             1	     1.5203176	    0.20644923	     405116.00	     266468.00	  0.0047456127	  0.0016902792	     979.27411	     526.25469	     4416.4845	     5.0033000
        558.92	        Sample	             1	     1.5141371	    0.20449843	     401640.00	     265260.00	  0.0046417028	  0.0015061427	     738.09846	     650.86472	     4422.4214	     5.0000000
        561.87	        Sample	             1	     1.5107432	    0.20342311	     403308.00	     266960.00	  0.0045062843	  0.0015312209	     819.58363	     582.90308	     4425.3680	     5.0000000
        564.95	        Sample	             1	     1.5071552	    0.20228312	     402320.00	     266940.00	  0.0049525525	  0.0018142980	     1075.0868	     510.49257	     4428.4467	     5.0000000
        567.98	        Sample	             1	     1.5000373	    0.20001194	     402100.00	     268060.00	  0.0048181649	  0.0016698868	     912.73362	     609.18744	     4431.4834	     5.0000000
        570.98	        Sample	             1	     1.5096473	    0.20307527	     403728.00	     267432.00	  0.0038556564	  0.0013096457	     700.62321	     501.13471	     4434.4828	     5.0000000
        573.96	        Sample	             1	     1.5167150	    0.20531327	     403792.00	     266228.00	  0.0040369119	  0.0012964170	     626.50211	     575.74840	     4437.4629	     5.0000000
        577.00	        Sample	             1	     1.5167381	    0.20532058	     403240.00	     265860.00	  0.0033916623	  0.0011862110	     666.37860	     400.50857	     4440.5021	     5.0000000
        580.05	        Sample	             1	     1.5080296	    0.20256126	     403036.00	     267260.00	  0.0050968896	  0.0016547080	     807.98790	     727.23403	     4443.5451	     5.0000000
        583.10	        Sample	             1	     1.5104221	    0.20332123	     404340.00	     267700.00	  0.0046970275	  0.0016424731	     921.55328	     566.35913	     4446.6010	     5.0000000
        586.14	        Sample	             1	     1.5124462	    0.20396307	     403684.00	     266908.00	  0.0032792361	  0.0010500392	     500.73901	     474.63858	     4449.6387	     5.0000000
        589.14	        Sample	             1	     1.5074830	    0.20238740	     404120.00	     268076.00	  0.0040728041	  0.0014395055	     818.24093	     479.52755	     4452.6376	     5.0000000
        592.12	        Sample	             1	     1.5092359	    0.20294461	     404276.00	     267868.00	  0.0032677706	  0.0010795067	     549.30259	     451.56715	     4455.6216	     5.0000000
        595.16	        Sample	             1	     1.5147171	    0.20468192	     404072.00	     266764.00	  0.0034123133	  0.0010605770	     470.12811	     514.60621	     4458.6575	     5.0000000
        598.21	        Sample	             1	     1.5059147	    0.20188825	     404820.00	     268820.00	  0.0038527874	  0.0012447668	     601.96567	     559.66498	     4461.7084	     5.0000000
        601.25	        Sample	             1	     1.5039912	    0.20127513	     402456.00	     267592.00	  0.0053931639	  0.0016426754	     660.72015	     853.08746	     4464.7466	     5.0000000
        604.29	        Sample	             1	     1.5058449	    0.20186600	     402940.00	     267584.00	  0.0050447729	  0.0017210957	     922.82561	     654.25241	     4467.7911	     5.0000000
        607.35	        Sample	             1	     1.5193944	    0.20615842	     405812.00	     267088.00	  0.0055546100	  0.0017711745	     849.58447	     800.46209	     4470.8519	     5.0033000
        610.39	        Sample	             1	     1.5125603	    0.20399919	     405348.00	     267988.00	  0.0054589280	  0.0016630563	     690.50835	     852.66745	     4473.8926	     5.0000000
        613.44	        Sample	             1	     1.5091803	    0.20292696	     403748.00	     267528.00	  0.0043376340	  0.0015623043	     910.58077	     476.64755	     4476.9396	     5.0000000
        616.46	        Sample	             1	     1.5148859	    0.20473528	     405032.00	     267368.00	  0.0046390493	  0.0014396027	     636.97061	     702.54901	     4479.9614	     5.0000000
        619.50	        Sample	             1	     1.5096861	    0.20308759	     403992.00	     267600.00	  0.0053437196	  0.0018372312	     1003.2870	     674.94066	     4483.0040	     5.0000000
        622.55	        Sample	             1	     1.5064183	    0.20204859	     404636.00	     268608.00	  0.0036776071	  0.0011831828	     566.69804	     537.11327	     4486.0497	     5.0000000
        625.61	        Sample	             1	     1.5032414	    0.20103592	     404396.00	     269016.00	  0.0045230722	  0.0016472466	     972.75325	     486.25553	     4489.1127	     5.0000000
        628.62	        Sample	             1	     1.5160606	    0.20510658	     405716.00	     267612.00	  0.0035510118	  0.0011315968	     539.14335	     516.17224	     4492.1247	     5.0000000
        631.59	        Sample	             1	     1.5151692	    0.20482487	     405132.00	     267384.00	  0.0041590930	  0.0013584956	     681.81327	     579.83293	     4495.0926	     5.0000000
        634.65	        Sample	             1	     1.5111706	    0.20355870	     403948.00	     267308.00	  0.0047680029	  0.0016778656	     949.44288	     562.66193	     4498.1487	     5.0000000
        637.70	        Sample	             1	     1.5130335	    0.20414908	     404452.00	     267312.00	  0.0046464759	  0.0015207433	     763.13855	     647.68168	     4501.1959	     5.0000000
        640.73	        Sample	             1	     1.5114072	    0.20363371	     405704.00	     268428.00	  0.0060276245	  0.0017975218	     685.12578	     969.80273	     4504.2282	     5.0000000
        643.77	        Sample	             1	     1.5245763	    0.20778787	     405208.00	     265784.00	  0.0054585532	  0.0018060183	     938.81817	     725.50488	     4507.2722	     5.0000000
        646.81	        Sample	             1	     1.5060845	    0.20194233	     403468.00	     267892.00	  0.0045535881	  0.0015237232	     790.52275	     616.87240	     4510.3121	     5.0000000
        649.86	        Sample	             1	     1.5115960	    0.20369357	     404884.00	     267852.00	  0.0043319805	  0.0015665983	     921.21755	     466.72190	     4513.3668	     5.0000000
        652.91	        Sample	             1	     1.5143580	    0.20456834	     404376.00	     267028.00	  0.0047643855	  0.0014187095	     541.04426	     760.35197	     4516.4056	     5.0000000
        655.90	        Sample	             1	     1.5048059	    0.20153494	     405172.00	     269252.00	  0.0045202156	  0.0016159126	     934.06543	     518.50897	     4519.3971	     5.0000000
        658.88	        Sample	             1	     1.5104646	    0.20333470	     404732.00	     267952.00	  0.0054478106	  0.0018033697	     923.65361	     748.35998	     4522.3806	     5.0033000
        661.92	        Sample	             1	     1.5094646	    0.20301726	     404772.00	     268156.00	  0.0050831194	  0.0016917303	     874.63923	     692.59576	     4525.4243	     5.0000000
        664.96	        Sample	             1	     1.5043554	    0.20139129	     402740.00	     267716.00	  0.0046784978	  0.0017516959	     1064.4051	     438.83685	     4528.4580	     5.0000000
        668.00	        Sample	             1	     1.5144758	    0.20460558	     406140.00	     268172.00	  0.0051449122	  0.0015597832	     641.12263	     806.69311	     4531.5029	     5.0000000
        671.04	        Sample	             1	     1.5185613	    0.20589583	     405140.00	     266792.00	  0.0047954448	  0.0014806827	     650.70082	     725.39215	     4534.5413	     5.0000000
        674.09	        Sample	             1	     1.4990944	    0.19971010	     403904.00	     269432.00	  0.0043322727	  0.0013501508	     582.76887	     674.65086	     4537.5923	     5.0000000
        677.13	        Sample	             1	     1.4929237	    0.19772915	     402540.00	     269632.00	  0.0043587324	  0.0015570281	     887.67261	     515.92247	     4540.6356	     5.0000000
        680.15	        Sample	             1	     1.5172424	    0.20547978	     405832.00	     267480.00	  0.0034900293	  0.0012854921	     775.61044	     342.39418	     4543.6496	     5.0000000
        683.22	        Sample	             1	     1.5120900	    0.20385017	     403976.00	     267164.00	  0.0033874475	  0.0010760441	     503.28697	     497.42626	     4546.7248	     5.0000000
        686.26	        Sample	             1	     1.5073680	    0.20235082	     404668.00	     268460.00	  0.0049818364	  0.0016924761	     906.03998	     652.63772	     4549.7586	     5.0000000
        689.32	        Sample	             1	     1.5043806	    0.20139935	     405232.00	     269368.00	  0.0045354133	  0.0016346620	     955.10232	     506.37887	     4552.8202	     5.0000000
        692.33	        Sample	             1	     1.5022552	    0.20072101	     405008.00	     269600.00	  0.0053820212	  0.0018400671	     992.25086	     704.73194	     4555.8339	     5.0000000
        695.31	        Sample	             1	     1.5114115	    0.20363509	     404756.00	     267800.00	  0.0043057631	  0.0013483642	     607.63293	     648.39494	     4558.8165	     5.0000000
        698.36	        Sample	             1	     1.5127379	    0.20405545	     405444.00	     268020.00	  0.0042318728	  0.0014178736	     745.83406	     564.88190	     4561.8613	     5.0000000
        701.41	        Sample	             1	     1.5078305	    0.20249794	     405528.00	     268948.00	  0.0031825202	  0.0012158763	     760.29936	     260.73742	     4564.9077	     5.0000000
        704.45	        Sample	             1	     1.5086236	    0.20275008	     405512.00	     268796.00	  0.0042318505	  0.0014891089	     844.60536	     505.05885	     4567.9521	     5.0033000
        707.49	        Sample	             1	     1.5060895	    0.20194391	     406108.00	     269644.00	  0.0043851920	  0.0012410270	     325.78384	     754.71967	     4570.9835	     5.0033000
        710.52	        Sample	             1	     1.5104969	    0.20334497	     405508.00	     268460.00	  0.0032175234	  0.0010728087	     558.18914	     436.40756	     4574.0186	     5.0000000
        713.58	        Sample	             1	     1.5132225	    0.20420893	     405816.00	     268180.00	  0.0047158238	  0.0017466469	     1059.1569	     456.71095	     4577.0795	     5.0000000
        716.62	        Sample	             1	     1.4971163	    0.19907616	     403916.00	     269796.00	  0.0033214410	  0.0011174436	     580.88821	     455.76797	     4580.1201	     5.0000000
        719.67	        Sample	             1	     1.5043941	    0.20140364	     406048.00	     269908.00	  0.0036608389	  0.0013006739	     747.01896	     429.90645	     4583.1728	     5.0000000
        722.72	        Sample	             1	     1.5121642	    0.20387371	     406004.00	     268492.00	  0.0050710208	  0.0017019064	     898.71118	     676.36808	     4586.2194	     5.0000000
        725.77	        Sample	             1	     1.4982969	    0.19945464	     404684.00	     270096.00	  0.0040294849	  0.0014549017	     848.55014	     454.86017	     4589.2706	     5.0000000
        728.81	        Sample	             1	     1.5116432	    0.20370854	     405332.00	     268140.00	  0.0040407584	  0.0012756358	     588.70706	     601.72936	     4592.3107	     5.0000000
        731.87	        Sample	             1	     1.5031757	    0.20101494	     404228.00	     268916.00	  0.0027566895	 0.00087946985	     409.88020	     410.92849	     4595.3686	     5.0000000
        734.91	        Sample	             1	     1.5116871	    0.20372247	     406148.00	     268672.00	  0.0042356855	  0.0014647110	     812.54716	     527.06989	     4598.4101	     5.0000000
        737.95	        Sample	             1	     1.5153562	    0.20488397	     407116.80	     268660.80	  0.0045495195	  0.0013423480	     496.45857	     737.06204	     4601.4489	     5.0000000
        743.95	        Sample	             1	     1.5121374	    0.20386521	     407092.80	     269216.80	  0.0049891373	  0.0014832793	     561.14803	     807.01921	     4607.4513	     5.0000000
        747.00	        Sample	             1	     1.5146166	    0.20465013	     406160.80	     268160.80	  0.0052724226	  0.0018464294	     1045.4634	     628.43580	     4610.4995	     5.0000000
        750.04	        Sample	             1	     1.5138551	    0.20440919	     406416.80	     268464.80	  0.0043136376	  0.0012228517	     348.82660	     729.44545	     4613.5448	     5.0000000
        753.09	        Sample	             1	     1.5108256	    0.20344924	     406624.80	     269140.80	  0.0056956945	  0.0018919799	     980.48605	     779.95327	     4616.5876	     5.0000000
        756.14	        Sample	             1	     1.5073161	    0.20233434	     405788.80	     269212.80	  0.0038940169	  0.0012036781	     518.41811	     604.49281	     4619.6400	     5.0000000
        759.19	        Sample	             1	     1.5113271	    0.20360831	     405828.80	     268524.80	  0.0045344718	  0.0014180945	     638.24203	     686.11110	     4622.6879	     5.0000000
        762.23	        Sample	             1	     1.5183716	    0.20583602	     406924.80	     268000.80	  0.0046878656	  0.0014757141	     686.73268	     692.88319	     4625.7336	     5.0000000
        765.28	        Sample	             1	     1.5112394	    0.20358053	     406548.80	     269016.80	  0.0052703006	  0.0018521766	     1052.9079	     628.28868	     4628.7767	     5.0000000
        768.34	        Sample	             1	     1.5053549	    0.20170990	     405260.80	     269212.80	  0.0054447357	  0.0018089027	     929.02243	     753.16694	     4631.8423	     5.0000000
        771.40	        Sample	             1	     1.4987922	    0.19961332	     405040.80	     270244.80	  0.0041035840	  0.0011773722	     330.03434	     706.38485	     4634.8967	     5.0000000
        774.44	        Sample	             1	     1.5122368	    0.20389671	     406036.80	     268500.80	  0.0050921695	  0.0015765481	     690.53281	     780.34067	     4637.9369	     5.0000000
        777.48	        Sample	             1	     1.5059515	    0.20189996	     404252.80	     268436.80	  0.0060779621	  0.0021059094	     1161.6877	     760.72480	     4640.9848	     5.0000000
        780.48	        Sample	             1	     1.5014212	    0.20045452	     403144.80	     268508.80	  0.0044736082	  0.0014758745	     739.89909	     630.25356	     4643.9847	     5.0000000
        783.46	        Sample	             1	     1.5164037	    0.20521495	     405972.80	     267720.80	  0.0031369135	  0.0010156983	     502.30402	     443.83981	     4646.9640	     5.0033000
        786.51	        Sample	             1	     1.5067597	    0.20215726	     405596.80	     269184.80	  0.0032188098	  0.0011099666	     610.10746	     408.31578	     4650.0158	     5.0000000
        789.55	        Sample	             1	     1.5042598	    0.20136082	     405248.80	     269400.80	  0.0049922597	  0.0017248905	     948.48745	     633.87205	     4653.0530	     5.0000000
        792.56	        Sample	             1	     1.5109990	    0.20350425	     405480.80	     268352.80	  0.0046991238	  0.0013942696	     518.47469	     760.75869	     4656.0609	     5.0000000
        795.50	        Sample	             1	     1.5012738	    0.20040740	     404972.80	     269752.80	  0.0068714292	  0.0024828388	     1452.4670	     767.06540	     4658.9984	     5.0000000
        798.47	        Sample	             1	     1.5021385	    0.20068374	     405716.80	     270092.80	  0.0043348595	  0.0013921191	     661.06984	     643.30259	     4661.9682	     5.0000000
        801.52	        Sample	             1	     1.5060278	    0.20192425	     406652.80	     270016.80	  0.0049778483	  0.0015866217	     745.78996	     742.49429	     4665.0206	     5.0000000
        804.56	        Sample	             1	     1.5151685	    0.20482464	     406908.80	     268556.80	  0.0065579281	  0.0021444328	     1083.4644	     916.37935	     4668.0634	     5.0000000
        807.57	        Sample	             1	     1.5001909	    0.20006109	     405436.80	     270256.80	  0.0050088192	  0.0016810629	     875.97057	     687.93411	     4671.0730	     5.0000000
        810.55	        Sample	             1	     1.5007907	    0.20025295	     405412.80	     270132.80	  0.0052827427	  0.0015957449	     619.13775	     856.70584	     4674.0506	     5.0000000
        813.60	        Sample	             1	     1.5149060	    0.20474163	     407092.80	     268724.80	  0.0034750475	  0.0011090424	     531.13547	     507.01041	     4677.0955	     5.0000000
        816.65	        Sample	             1	     1.5020542	    0.20065681	     404792.80	     269492.80	  0.0053987530	  0.0017401203	     831.77882	     794.72036	     4680.1544	     5.0000000
        819.69	        Sample	             1	     1.5090314	    0.20287964	     406624.80	     269460.80	  0.0051510986	  0.0015245655	     557.58368	     842.32905	     4683.1886	     5.0033000
        822.73	        Sample	             1	     1.4934889	    0.19791101	     403792.80	     270368.80	  0.0039583797	  0.0014317195	     833.23093	     449.71299	     4686.2344	     5.0000000
        825.77	        Sample	             1	     1.5122001	    0.20388508	     406008.80	     268488.80	  0.0049042844	  0.0018439542	     1136.6235	     439.59780	     4689.2668	     5.0000000
        828.82	        Sample	             1	     1.5105537	    0.20336298	     405288.80	     268304.80	  0.0059270565	  0.0019460428	     982.04413	     828.04294	     4692.3197	     5.0000000
        831.88	        Sample	             1	     1.5094451	    0.20301104	     406820.80	     269516.80	  0.0055952498	  0.0018230436	     907.39579	     797.95294	     4695.3842	     5.0000000
        834.90	        Sample	             1	     1.5036234	    0.20115780	     405684.80	     269804.80	  0.0042375780	  0.0015455279	     917.38372	     453.79584	     4698.4029	     5.0000000
        837.96	        Sample	             1	     1.5069705	    0.20222437	     405056.80	     268788.80	  0.0038753150	  0.0013240590	     716.09435	     501.97123	     4701.4581	     5.0000000
        840.99	        Sample	             1	     1.4963827	    0.19884078	     404736.80	     270476.80	  0.0040848692	  0.0012536918	     510.38112	     654.85537	     4704.4899	     5.0000000
        844.04	        Sample	             1	     1.5004582	    0.20014661	     404716.80	     269728.80	  0.0048611531	  0.0015679830	     748.78272	     717.35440	     4707.5476	     5.0000000
        847.09	        Sample	             1	     1.4992910	    0.19977306	     406860.80	     271368.80	  0.0054480213	  0.0016572911	     661.04833	     882.01890	     4710.5856	     5.0033000
        850.13	        Sample	             1	     1.5117446	    0.20374071	     406696.80	     269024.80	  0.0053496062	  0.0017748392	     918.68989	     732.80102	     4713.6343	     5.0000000
        853.17	        Sample	             1	     1.4968719	    0.19899775	     405976.80	     271216.80	  0.0046020046	  0.0014983254	     729.96195	     676.36282	     4716.6732	     5.0000000
        856.24	        Sample	             1	     1.5056924	    0.20181744	     407236.80	     270464.80	  0.0049414462	  0.0016574101	     871.39224	     673.01114	     4719.7368	     5.0000000
        859.28	        Sample	             1	     1.4952442	    0.19847525	     406336.80	     271752.80	  0.0038213204	  0.0012663920	     641.03389	     546.38855	     4722.7845	     5.0000000
        862.33	        Sample	             1	     1.5085380	    0.20272287	     407716.80	     270272.80	  0.0039463761	  0.0012673863	     611.03919	     579.51551	     4725.8266	     5.0000000
        865.36	        Sample	             1	     1.5005679	    0.20018168	     405880.80	     270484.80	  0.0042727722	  0.0014446940	     764.41873	     577.65195	     4728.8599	     5.0000000
        868.42	        Sample	             1	     1.5022299	    0.20071293	     405284.80	     269788.80	  0.0041457931	  0.0012838953	     548.86712	     648.74032	     4731.9178	     5.0033000
        871.46	        Sample	             1	     1.5043849	    0.20140072	     408128.80	     271292.80	  0.0045720365	  0.0014226794	     625.10586	     712.13482	     4734.9578	     5.0033000
        874.50	        Sample	             1	     1.4977834	    0.19929007	     407056.80	     271772.80	  0.0044651719	  0.0014720562	     740.57635	     641.83625	     4738.0029	     5.0000000
        877.54	        Sample	             1	     1.5063565	    0.20202891	     407036.80	     270212.80	  0.0042586620	  0.0013502059	     626.89358	     640.61637	     4741.0441	     5.0000000
        880.67	        Sample	             1	     1.5045804	    0.20146304	     407844.80	     271068.80	  0.0038337906	  0.0013060936	     706.35968	     506.62456	     4744.1718	     5.0033000
        883.69	        Sample	             1	     1.5006620	    0.20021178	     407136.80	     271304.80	  0.0053004108	  0.0018941615	     1097.3949	     619.27700	     4747.1878	     5.0033000
        886.63	        Sample	             1	     1.5033085	    0.20105732	     407848.80	     271300.80	  0.0045194695	  0.0015860030	     898.31546	     555.12801	     4750.1307	     5.0000000
        889.60	        Sample	             1	     1.5146849	    0.20467174	     408620.80	     269772.80	  0.0050520837	  0.0018500425	     1115.6774	     516.81761	     4753.0982	     5.0000000
        892.65	        Sample	             1	     1.5134329	    0.20427554	     407356.80	     269160.80	  0.0041398002	  0.0012666060	     537.48385	     644.93790	     4756.1482	     5.0000000
        895.70	        Sample	             1	     1.5061414	    0.20196043	     407496.80	     270556.80	  0.0058712914	  0.0017980936	     751.53768	     929.19081	     4759.2015	     5.0000000
        898.74	        Sample	             1	     1.4976395	    0.19924393	     407580.80	     272148.80	  0.0050210338	  0.0015580413	     666.61866	     796.47669	     4762.2379	     5.0000000
        901.78	        Sample	             1	     1.5008434	    0.20026981	     408560.80	     272220.80	  0.0041808174	  0.0014690408	     833.80680	     516.12918	     4765.2780	     5.0000000
        904.82	        Sample	             1	     1.4993162	    0.19978114	     404348.80	     269688.80	  0.0034196360	  0.0012604583	     754.17180	     354.02699	     4768.3258	     5.0000000
        907.87	        Sample	             1	     1.5000354	    0.20001132	     407140.80	     271420.80	  0.0048176470	  0.0014267811	     504.45835	     804.23767	     4771.3675	     5.0000000
        910.91	        Sample	             1	     1.5086032	    0.20274359	     407800.80	     270316.80	  0.0045695427	  0.0013950868	     580.98613	     722.56334	     4774.4085	     5.0000000
        913.95	        Sample	             1	     1.5085850	    0.20273780	     406552.80	     269492.80	  0.0047017691	  0.0015274637	     754.06926	     674.99333	     4777.4505	     5.0000000
        917.01	        Sample	             1	     1.5094739	    0.20302019	     407184.80	     269752.80	  0.0044077221	  0.0012886643	     443.58339	     730.81872	     4780.5133	     5.0000000
        920.05	        Sample	             1	     1.5057024	    0.20182061	     406528.80	     269992.80	  0.0051630503	  0.0016709434	     814.44842	     751.35315	     4783.5506	     5.0000000
        923.08	        Sample	             1	     1.5132666	    0.20422291	     407762.40	     269458.40	  0.0060352769	  0.0022105270	     1329.9831	     618.44393	     4786.5843	     5.0000000
        929.07	        Sample	             1	     1.4982089	    0.19942643	     405850.40	     270890.40	  0.0052460681	  0.0017404808	     885.26205	     742.01527	     4792.5718	     5.0000000
        932.13	        Sample	             1	     1.5042098	    0.20134486	     406910.40	     270514.40	  0.0066054936	  0.0020134807	     821.72718	     1054.8588	     4795.6273	     5.0000000
        935.18	        Sample	             1	     1.4986423	    0.19956531	     405326.40	     270462.40	  0.0046917326	  0.0016482428	     926.53140	     578.54377	     4798.6828	     5.0000000
        938.23	        Sample	             1	     1.5059559	    0.20190136	     406786.40	     270118.40	  0.0038974208	  0.0014931589	     938.92515	     316.18841	     4801.7310	     5.0000000
        941.26	        Sample	             1	     1.5010845	    0.20034689	     405266.40	     269982.40	  0.0041417202	  0.0013420337	     649.47021	     606.38968	     4804.7607	     5.0000000
        944.31	        Sample	             1	     1.5038704	    0.20123660	     406746.40	     270466.40	  0.0061106485	  0.0018481799	     730.64842	     985.75544	     4807.8087	     5.0000000
        947.32	        Sample	             1	     1.5037249	    0.20119019	     406442.40	     270290.40	  0.0033393269	  0.0011176090	     582.86800	     458.29636	     4810.8248	     5.0000000
        950.39	        Sample	             1	     1.5018875	    0.20060355	     406438.40	     270618.40	  0.0059339514	  0.0018513882	     812.23532	     922.35544	     4813.8984	     5.0000000
        953.44	        Sample	             1	     1.5008065	    0.20025799	     407166.40	     271298.40	  0.0051574579	  0.0019062679	     1152.8700	     528.31136	     4816.9412	     5.0000000
        956.48	        Sample	             1	     1.4972345	    0.19911405	     405610.40	     270906.40	  0.0041175498	  0.0013396067	     651.26885	     604.85297	     4819.9798	     5.0000000
        959.52	        Sample	             1	     1.4970645	    0.19905952	     405534.40	     270886.40	  0.0039312806	  0.0014632195	     887.54743	     393.10502	     4823.0155	     5.0000000
        962.57	        Sample	             1	     1.5012026	    0.20038465	     405442.40	     270078.40	  0.0061827347	  0.0020355012	     1021.4943	     879.91515	     4826.0709	     5.0000000
        965.62	        Sample	             1	     1.5034616	    0.20110619	     407742.40	     271202.40	  0.0044910727	  0.0015530773	     859.94935	     573.70686	     4829.1225	     5.0000000
        968.66	        Sample	             1	     1.5034702	    0.20110893	     406734.40	     270530.40	  0.0034821542	  0.0013130543	     811.82812	     317.83993	     4832.1570	     5.0000000
        971.71	        Sample	             1	     1.5096467	    0.20307509	     407946.40	     270226.40	  0.0065561641	  0.0023918536	     1431.3127	     691.59911	     4835.2080	     5.0000000
        974.75	        Sample	             1	     1.4976910	    0.19926045	     406830.40	     271638.40	  0.0035995876	  0.0011267519	     495.13186	     562.96990	     4838.2569	     5.0000000
        977.77	        Sample	             1	     1.5023971	    0.20076633	     406642.40	     270662.40	  0.0055168582	  0.0017543961	     814.44842	     833.02501	     4841.2639	     5.0000000
        980.84	        Sample	             1	     1.5079452	    0.20253441	     405930.40	     269194.40	  0.0037240142	  0.0013385011	     781.84397	     416.09614	     4844.3439	     5.0000000
        983.88	        Sample	             1	     1.5022774	    0.20072812	     406862.40	     270830.40	  0.0037353002	  0.0012392209	     634.91872	     524.25609	     4847.3847	     5.0000000
        986.92	        Sample	             1	     1.5031286	    0.20099989	     406846.40	     270666.40	  0.0040678534	  0.0015230338	     934.59344	     387.23866	     4850.4213	     5.0000000
        990.00	        Sample	             1	     1.5033916	    0.20108383	     406394.40	     270318.40	  0.0038988732	  0.0012947290	     664.72918	     544.01961	     4853.4990	     5.0033000
        993.03	        Sample	             1	     1.4964948	    0.19887675	     405242.40	     270794.40	  0.0029695741	 0.00097089430	     476.50767	     432.84896	     4856.5290	     5.0000000
        996.08	        Sample	             1	     1.4985446	    0.19953399	     404850.40	     270162.40	  0.0037178128	  0.0012039613	     578.95692	     547.70795	     4859.5855	     5.0000000
        999.12	        Sample	             1	     1.5014549	    0.20046530	     405366.40	     269982.40	  0.0043018796	  0.0015038532	     840.72350	     533.69321	     4862.6271	     5.0000000
       1002.15	        Sample	             1	     1.5004028	    0.20012886	     405310.40	     270134.40	  0.0038157756	  0.0012623981	     639.22175	     538.94382	     4865.6548	     5.0000000
       1005.17	        Sample	             1	     1.5022668	    0.20072470	     406126.40	     270342.40	  0.0045096288	  0.0015650423	     867.24494	     570.37376	     4868.6726	     5.0000000
       1008.14	        Sample	             1	     1.5009816	    0.20031399	     404914.40	     269766.40	  0.0046634839	  0.0015364593	     771.04143	     662.28426	     4871.6473	     5.0000000
       1011.18	        Sample	             1	     1.4965930	    0.19890828	     405538.40	     270974.40	  0.0038340781	  0.0013038323	     693.87287	     516.68000	     4874.6801	     5.0000000
       1014.24	        Sample	             1	     1.5027019	    0.20086368	     404218.40	     268994.40	  0.0038053926	  0.0014285916	     873.45139	     355.20010	     4877.7461	     5.0000000
       1017.28	        Sample	             1	     1.5053196	    0.20169866	     405446.40	     269342.40	  0.0055447527	  0.0019570544	     1112.5498	     661.84389	     4880.7814	     5.0000000
       1020.33	        Sample	             1	     1.5129094	    0.20410980	     406522.40	     268702.40	  0.0037593428	  0.0011418723	     470.95364	     590.67720	     4883.8354	     5.0000000
       1023.38	        Sample	             1	     1.4927996	    0.19768921	     404110.40	     270706.40	  0.0029366260	  0.0010123632	     548.03082	     385.76677	     4886.8858	     5.0000000
       1026.42	        Sample	             1	     1.4959868	    0.19871371	     403034.40	     269410.40	  0.0044141376	  0.0015508773	     865.48535	     545.17683	     4889.9222	     5.0000000
       1029.47	        Sample	             1	     1.4973523	    0.19915183	     403330.40	     269362.40	  0.0046026256	  0.0015904777	     866.01514	     592.48779	     4892.9678	     5.0000000
       1032.51	        Sample	             1	     1.5078243	    0.20249596	     403690.40	     267730.40	  0.0039774052	  0.0012730086	     602.01883	     582.53851	     4896.0085	     5.0000000
       1035.57	        Sample	             1	     1.5095242	    0.20303618	     404918.40	     268242.40	  0.0055490007	  0.0020378826	     1219.9060	     564.99518	     4899.0717	     5.0000000
       1038.62	        Sample	             1	     1.5025485	    0.20081468	     403750.40	     268710.40	  0.0053478051	  0.0020562052	     1287.2986	     425.03856	     4902.1214	     5.0000000
       1041.67	        Sample	             1	     1.5018950	    0.20060593	     403262.40	     268502.40	  0.0047188969	  0.0015993663	     845.52259	     628.30424	     4905.1731	     5.0000000
       1044.72	        Sample	             1	     1.5029705	    0.20094942	     404170.40	     268914.40	  0.0042159788	  0.0013120905	     569.35831	     652.31076	     4908.2193	     5.0033000
       1047.76	        Sample	             1	     1.5044499	    0.20142144	     404622.40	     268950.40	  0.0040406275	  0.0014270480	     809.91193	     481.62687	     4911.2633	     5.0000000
       1050.82	        Sample	             1	     1.5025957	    0.20082975	     404526.40	     269218.40	  0.0042771220	  0.0013374696	     589.00141	     658.48446	     4914.3193	     5.0000000
       1053.87	        Sample	             1	     1.4964243	    0.19885413	     401422.40	     268254.40	  0.0033583323	  0.0010950683	     529.04274	     487.28545	     4917.3718	     5.0000000
       1056.92	        Sample	             1	     1.4989759	    0.19967215	     402802.40	     268718.40	  0.0053573409	  0.0016734385	     725.41299	     829.56053	     4920.4186	     5.0033000
       1059.96	        Sample	             1	     1.5046373	    0.20148120	     403890.40	     268430.40	  0.0046840815	  0.0017623452	     1079.6913	     428.24707	     4923.4602	     5.0000000
       1063.00	        Sample	             1	     1.4991328	    0.19972241	     403150.40	     268922.40	  0.0055580535	  0.0019387959	     1072.6665	     694.33389	     4926.5048	     5.0000000
       1066.02	        Sample	             1	     1.4999955	    0.19999857	     403394.40	     268930.40	  0.0056756302	  0.0018635619	     923.67286	     810.09739	     4929.5182	     5.0033000
       1069.00	        Sample	             1	     1.5004058	    0.20012983	     402298.40	     268126.40	  0.0041428098	  0.0015163815	     895.42144	     438.10501	     4932.5016	     5.0000000
       1072.04	        Sample	             1	     1.4968934	    0.19900465	     402434.40	     268846.40	  0.0036318447	  0.0012565278	     683.76604	     465.64460	     4935.5454	     5.0000000
       1075.09	        Sample	             1	     1.4898276	    0.19673154	     401178.40	     269278.40	  0.0055837758	  0.0017729425	     788.65399	     859.26687	     4938.5854	     5.0033000
       1078.13	        Sample	             1	     1.4920828	    0.19745845	     403910.40	     270702.40	  0.0039933397	  0.0012956836	     618.12620	     594.36764	     4941.6292	     5.0033000
       1081.18	        Sample	             1	     1.4970766	    0.19906343	     403130.40	     269278.40	  0.0043479562	  0.0015239814	     848.19809	     539.09554	     4944.6774	     5.0033000
       1084.23	        Sample	             1	     1.5061052	    0.20194891	     404278.40	     268426.40	  0.0047973851	  0.0015284231	     713.52147	     711.76650	     4947.7290	     5.0000000
       1087.26	        Sample	             1	     1.5035720	    0.20114142	     403586.40	     268418.40	  0.0056582721	  0.0020287331	     1172.0212	     642.44118	     4950.7620	     5.0000000
       1090.31	        Sample	             1	     1.5071572	    0.20228377	     405742.40	     269210.40	  0.0046922722	  0.0014799295	     676.35099	     707.87946	     4953.8160	     5.0000000
       1093.35	        Sample	             1	     1.5047978	    0.20153235	     402970.40	     267790.40	  0.0033766753	  0.0011511614	     615.97258	     439.91918	     4956.8551	     5.0000000
       1096.40	        Sample	             1	     1.4900177	    0.19679287	     401706.40	     269598.40	  0.0038983786	  0.0013421196	     718.80023	     514.59758	     4959.9034	     5.0000000
       1099.44	        Sample	             1	     1.4959229	    0.19869320	     401838.40	     268622.40	  0.0048748085	  0.0016328978	     836.22007	     673.63821	     4962.9382	     4.9900000
       1102.44	        Sample	             1	     1.4954526	    0.19854219	     402262.40	     268990.40	  0.0051513051	  0.0016032095	     680.02091	     807.32205	     4965.9426	     5.0000000
       1105.53	        Sample	             1	     1.4883333	    0.19624915	     401746.40	     269930.40	  0.0045603498	  0.0015603126	     825.21270	     613.71727	     4969.0319	     5.0000000
       1108.54	        Sample	             1	     1.5030751	    0.20098281	     404329.60	     269001.60	  0.0051532365	  0.0017073008	     867.70809	     719.23910	     4972.0440	     5.0000000
       1114.58	        Sample	             1	     1.4979378	    0.19933956	     403001.60	     269037.60	  0.0040445104	  0.0012943210	     600.68701	     605.69886	     4978.0791	     5.0000000
       1117.61	        Sample	             1	     1.4978281	    0.19930440	     401929.60	     268341.60	  0.0039506802	  0.0012818342	     614.10965	     576.93289	     4981.1097	     5.0000000
       1120.66	        Sample	             1	     1.4976055	    0.19923302	     403277.60	     269281.60	  0.0034068997	  0.0012244140	     706.99992	     390.38215	     4984.1644	     5.0000000
       1123.70	        Sample	             1	     1.4932183	    0.19782396	     403553.60	     270257.60	  0.0048193286	  0.0017425627	     1012.9684	     548.29027	     4987.2000	     5.0000000
       1126.75	        Sample	             1	     1.4975329	    0.19920974	     402317.60	     268653.60	  0.0058145904	  0.0019567557	     1014.1444	     793.40504	     4990.2577	     5.0000000
       1129.79	        Sample	             1	     1.4898276	    0.19673152	     401117.60	     269237.60	  0.0043244827	  0.0015217855	     843.72191	     538.54949	     4993.2895	     5.0000000
       1132.83	        Sample	             1	     1.5082089	    0.20261824	     404057.60	     267905.60	  0.0048416634	  0.0015296539	     700.78052	     723.71388	     4996.3305	     5.0033000
       1135.89	        Sample	             1	     1.4970483	    0.19905435	     401085.60	     267917.60	  0.0040423186	  0.0013272157	     651.39986	     577.94271	     4999.3880	     5.0000000
       1138.94	        Sample	             1	     1.5136083	    0.20433107	     404777.60	     267425.60	  0.0040475608	  0.0013872792	     757.51641	     510.81808	     5002.4364	     5.0000000
       1141.99	        Sample	             1	     1.4907147	    0.19701762	     400849.60	     268897.60	  0.0044624888	  0.0014164540	     630.14073	     685.02717	     5005.4855	     5.0000000
       1144.99	        Sample	             1	     1.5005308	    0.20016984	     399125.60	     265989.60	  0.0058615768	  0.0021557876	     1270.3812	     602.36718	     5008.4890	     5.0000000
       1147.96	        Sample	             1	     1.4957321	    0.19863194	     399105.60	     266829.60	  0.0040638219	  0.0014522000	     822.54456	     472.38591	     5011.4654	     5.0000000
       1151.02	        Sample	             1	     1.4977773	    0.19928811	     400813.60	     267605.60	  0.0039311466	  0.0013744513	     758.01964	     487.02453	     5014.5256	     5.0000000
       1154.08	        Sample	             1	     1.4947163	    0.19830565	     401369.60	     268525.60	  0.0036389775	  0.0010654268	     337.03544	     613.62457	     5017.5811	     5.0033000
       1157.07	        Sample	             1	     1.5013245	    0.20042363	     402609.60	     268169.60	  0.0052984861	  0.0018536284	     1030.2932	     651.74774	     5020.5692	     5.0000000
       1160.04	        Sample	             1	     1.4901823	    0.19684596	     399925.60	     268373.60	  0.0042885955	  0.0015075578	     832.17626	     533.54829	     5023.5433	     5.0000000
       1163.09	        Sample	             1	     1.4937862	    0.19800662	     403097.60	     269849.60	  0.0045416342	  0.0017475147	     1091.6573	     372.89498	     5026.5931	     5.0000000
       1166.14	        Sample	             1	     1.5029276	    0.20093574	     403093.60	     268205.60	  0.0030285900	  0.0011427394	     700.58896	     273.51539	     5029.6446	     5.0000000
       1169.20	        Sample	             1	     1.4937644	    0.19799963	     399769.60	     267625.60	  0.0034627653	  0.0013399104	     834.85834	     269.30693	     5032.6941	     5.0000000
       1172.23	        Sample	             1	     1.4920532	    0.19744892	     400069.60	     268133.60	  0.0046955207	  0.0018069571	     1120.1436	     385.25951	     5035.7329	     5.0000000
       1175.28	        Sample	             1	     1.4899091	    0.19675783	     399065.60	     267845.60	  0.0048395834	  0.0017702464	     1031.7071	     526.72742	     5038.7788	     5.0000000
       1178.31	        Sample	             1	     1.4859135	    0.19546679	     396497.60	     266837.60	  0.0053948661	  0.0017553942	     819.47409	     796.50905	     5041.8085	     5.0000000
       1181.33	        Sample	             1	     1.4843837	    0.19497139	     398921.60	     268745.60	  0.0047053421	  0.0016944736	     963.81095	     551.48446	     5044.8312	     5.0000000
       1184.31	        Sample	             1	     1.5050093	    0.20159978	     401749.60	     266941.60	  0.0046836264	  0.0015471569	     778.42119	     650.07213	     5047.8175	     5.0000000
       1187.31	        Sample	             1	     1.4926044	    0.19762638	     400981.60	     268645.60	  0.0047733636	  0.0016552817	     897.86809	     613.39275	     5050.8080	     5.0033000
       1190.30	        Sample	             1	     1.4890991	    0.19649645	     399265.60	     268125.60	  0.0055742937	  0.0017959572	     827.37174	     835.88516	     5053.7972	     5.0033000
       1193.43	        Sample	             1	     1.4928926	    0.19771916	     401781.60	     269129.60	  0.0044429212	  0.0014881783	     759.30846	     618.72414	     5056.9293	     5.0000000
       1196.49	        Sample	             1	     1.4965744	    0.19890231	     400533.60	     267633.60	  0.0044153234	  0.0015998120	     927.03494	     489.65112	     5059.9873	     5.0000000
       1199.54	        Sample	             1	     1.4993410	    0.19978906	     402233.60	     268273.60	  0.0047562394	  0.0015483588	     749.92622	     688.52693	     5063.0366	     5.0033000
       1202.59	        Sample	             1	     1.4935868	    0.19794250	     399829.60	     267697.60	  0.0044617538	  0.0014937558	     758.31509	     617.83853	     5066.0882	     5.0000000
       1205.64	        Sample	             1	     1.5000120	    0.20000383	     401297.60	     267529.60	  0.0041971131	  0.0013827470	     686.78963	     592.21017	     5069.1440	     5.0000000
       1208.68	        Sample	             1	     1.4899195	    0.19676117	     400069.60	     268517.60	  0.0040367976	  0.0013095402	     616.28421	     598.49441	     5072.1831	     5.0000000
       1211.73	        Sample	             1	     1.4979084	    0.19933013	     400189.60	     267165.60	  0.0035051928	  0.0011147676	     505.15740	     526.42357	     5075.2285	     5.0000000
       1214.74	        Sample	             1	     1.4993606	    0.19979533	     400505.60	     267117.60	  0.0035235668	  0.0012353334	     684.37287	     430.94728	     5078.2388	     5.0000000
       1217.71	        Sample	             1	     1.4889501	    0.19644833	     400577.60	     269033.60	  0.0049823361	  0.0015756080	     689.96618	     771.81921	     5081.2128	     5.0000000
       1220.71	        Sample	             1	     1.4936721	    0.19796993	     398633.60	     266881.60	  0.0046982510	  0.0017657328	     1063.5488	     444.63018	     5084.2103	     5.0000000
       1223.69	        Sample	             1	     1.5000943	    0.20003018	     400785.60	     267173.60	  0.0034489956	  0.0012156990	     679.70713	     414.76955	     5087.1874	     5.0033000
       1226.74	        Sample	             1	     1.4965761	    0.19890284	     398977.60	     266593.60	  0.0042219872	  0.0015351440	     890.16353	     460.26852	     5090.2371	     5.0000000
       1229.78	        Sample	             1	     1.4909551	    0.19709511	     399041.60	     267641.60	  0.0061283140	  0.0019222129	     820.80069	     952.43687	     5093.2790	     5.0000000
       1232.81	        Sample	             1	     1.5002666	    0.20008529	     400741.60	     267113.60	  0.0054851981	  0.0016237278	     564.25211	     901.28205	     5096.3212	     5.0000000
       1235.88	        Sample	             1	     1.4945963	    0.19826708	     398509.60	     266633.60	  0.0048525028	  0.0016945445	     925.33814	     605.05133	     5099.3795	     5.0000000
       1238.92	        Sample	             1	     1.4935785	    0.19793983	     398381.60	     266729.60	  0.0056317232	  0.0017401647	     709.28947	     886.55739	     5102.4223	     5.0000000
       1241.97	        Sample	             1	     1.4967755	    0.19896682	     398641.60	     266333.60	  0.0065554593	  0.0021801612	     1092.7511	     909.74868	     5105.4675	     5.0000000
       1245.02	        Sample	             1	     1.4996894	    0.19990059	     399765.60	     266565.60	  0.0038914351	  0.0013466725	     729.83529	     491.53004	     5108.5190	     5.0000000
       1248.06	        Sample	             1	     1.4898648	    0.19674352	     398189.60	     267265.60	  0.0032330452	  0.0011062133	     580.75966	     429.44098	     5111.5602	     5.0000000
       1251.11	        Sample	             1	     1.4901389	    0.19683195	     400569.60	     268813.60	  0.0032183783	 0.00095859750	     328.48744	     537.10169	     5114.6131	     5.0000000
       1254.17	        Sample	             1	     1.4972824	    0.19912941	     400429.60	     267437.60	  0.0051845016	  0.0018781288	     1088.0858	     573.96090	     5117.6723	     5.0000000
       1257.22	        Sample	             1	     1.4887624	    0.19638772	     398341.60	     267565.60	  0.0045875462	  0.0015203370	     748.05704	     653.68834	     5120.7192	     5.0033000
       1260.26	        Sample	             1	     1.4929573	    0.19773998	     399553.60	     267625.60	  0.0038571520	  0.0013993673	     808.93236	     429.52377	     5123.7639	     5.0033000
       1263.30	        Sample	             1	     1.4916439	    0.19731708	     400717.60	     268641.60	  0.0036146296	  0.0011862754	     576.68015	     523.75397	     5126.8036	     5.0000000
       1266.34	        Sample	             1	     1.4943590	    0.19819080	     401285.60	     268533.60	  0.0043903540	  0.0014763665	     759.50978	     603.41104	     5129.8421	     5.0000000
       1269.39	        Sample	             1	     1.4984081	    0.19949028	     399861.60	     266857.60	  0.0051485232	  0.0018075476	     1001.2517	     627.88534	     5132.8937	     5.0000000
       1272.44	        Sample	             1	     1.4885391	    0.19631561	     399353.60	     268285.60	  0.0054755810	  0.0016874611	     672.59233	     877.37082	     5135.9395	     5.0000000
       1275.47	        Sample	             1	     1.4907830	    0.19703964	     399633.60	     268069.60	  0.0042487415	  0.0014070983	     695.43783	     605.04692	     5138.9776	     5.0000000
       1278.52	        Sample	             1	     1.4902581	    0.19687040	     399385.60	     267997.60	  0.0031400170	  0.0011283585	     642.68326	     364.52709	     5142.0265	     5.0033000
       1281.58	        Sample	             1	     1.5006411	    0.20020509	     400745.60	     267049.60	  0.0051132598	  0.0017274145	     901.11634	     683.67114	     5145.0830	     5.0000000
       1284.62	        Sample	             1	     1.4935921	    0.19794420	     396897.60	     265733.60	  0.0045968310	  0.0016340516	     912.41316	     543.77937	     5148.1206	     5.0000000
       1287.68	        Sample	             1	     1.4954342	    0.19853628	     398541.60	     266505.60	  0.0035988469	  0.0011934673	     593.51907	     503.80949	     5151.1830	     5.0000000
       1290.71	        Sample	             1	     1.4998242	    0.19994374	     399273.60	     266213.60	  0.0047510284	  0.0014445197	     565.22011	     754.39925	     5154.2120	     5.0033000
       1293.77	        Sample	             1	     1.4982764	    0.19944805	     398464.80	     265948.80	  0.0043546610	  0.0014015771	     653.10064	     638.33116	     5157.2745	     5.0000000
       1299.85	        Sample	             1	     1.4936464	    0.19796166	     397388.80	     266052.80	  0.0037919339	  0.0013987604	     821.64064	     391.92743	     5163.3539	     5.0000000
       1302.92	        Sample	             1	     1.4950921	    0.19842639	     397360.80	     265776.80	  0.0051306300	  0.0017428038	     905.62784	     681.85499	     5166.4196	     5.0000000
       1305.95	        Sample	             1	     1.4943233	    0.19817933	     399176.80	     267128.80	  0.0052015213	  0.0018408978	     1027.6195	     625.85053	     5169.4526	     5.0000000
       1309.00	        Sample	             1	     1.4925547	    0.19761038	     397008.80	     265992.80	  0.0039265037	  0.0012520017	     561.05456	     590.21503	     5172.5038	     5.0000000
       1312.02	        Sample	             1	     1.4880408	    0.19615465	     396968.80	     266772.80	  0.0036321200	  0.0011755551	     543.93627	     538.87785	     5175.5174	     5.0000000
       1315.00	        Sample	             1	     1.4940200	    0.19808180	     398336.80	     266620.80	  0.0042437818	  0.0013845916	     662.28024	     614.05175	     5178.5021	     5.0000000
       1318.05	        Sample	             1	     1.4945907	    0.19826526	     397980.80	     266280.80	  0.0063752374	  0.0021340567	     1079.2887	     876.72218	     5181.5457	     5.0000000
       1321.09	        Sample	             1	     1.4895673	    0.19664756	     397268.80	     266700.80	  0.0033992409	  0.0010674378	     453.96035	     526.82023	     5184.5893	     5.0000000
       1324.13	        Sample	             1	     1.4982831	    0.19945021	     398280.80	     265824.80	  0.0052578057	  0.0017444866	     870.94432	     729.57705	     5187.6316	     5.0033000
       1327.17	        Sample	             1	     1.4885268	    0.19631165	     398092.80	     267440.80	  0.0039651203	  0.0012547476	     546.64065	     610.45848	     5190.6814	     5.0000000
       1330.22	        Sample	             1	     1.4828103	    0.19446120	     396836.80	     267624.80	  0.0037205134	  0.0012844588	     678.47673	     491.47216	     5193.7271	     5.0000000
       1333.26	        Sample	             1	     1.4834016	    0.19465302	     395588.80	     266676.80	  0.0029191919	 0.00097514897	     481.40535	     412.42050	     5196.7631	     5.0000000
       1336.31	        Sample	             1	     1.4966576	    0.19892901	     398704.80	     266396.80	  0.0040199773	  0.0012091787	     446.11707	     650.49178	     5199.8111	     5.0000000
       1339.35	        Sample	             1	     1.4838700	    0.19480488	     398372.80	     268468.80	  0.0042092938	  0.0014349125	     743.97610	     573.24030	     5202.8493	     5.0000000
       1342.36	        Sample	             1	     1.4984820	    0.19951394	     401168.80	     267716.80	  0.0055698687	  0.0019110182	     1023.6015	     723.61561	     5205.8566	     5.0000000
       1345.45	        Sample	             1	     1.4816583	    0.19408727	     397796.80	     268480.80	  0.0035385187	  0.0012366172	     668.17962	     455.79918	     5208.9488	     5.0000000
       1348.50	        Sample	             1	     1.4923230	    0.19753578	     400516.80	     268384.80	  0.0047182211	  0.0016100870	     848.12578	     630.10264	     5211.9989	     5.0000000
       1351.54	        Sample	             1	     1.4908751	    0.19706934	     400032.80	     268320.80	  0.0052500893	  0.0019917521	     1215.7112	     477.36499	     5215.0424	     5.0000000
       1354.60	        Sample	             1	     1.5009699	    0.20031024	     401756.80	     267664.80	  0.0033264707	  0.0011160612	     576.38876	     452.13371	     5218.1008	     5.0000000
       1357.63	        Sample	             1	     1.4863688	    0.19561409	     399352.80	     268676.80	  0.0058367631	  0.0018831067	     866.55281	     879.34925	     5221.1308	     5.0000000
       1360.68	        Sample	             1	     1.4948513	    0.19834900	     401356.80	     268492.80	  0.0040319801	  0.0012890285	     590.85776	     606.81170	     5224.1806	     5.0000000
       1363.73	        Sample	             1	     1.4934858	    0.19791002	     400392.80	     268092.80	  0.0040399347	  0.0014867357	     877.31814	     425.25600	     5227.2302	     5.0000000
       1366.80	        Sample	             1	     1.4882314	    0.19621623	     398644.80	     267864.80	  0.0037638421	  0.0011558674	     453.02735	     605.20557	     5230.3029	     5.0033000
       1369.83	        Sample	             1	     1.4954145	    0.19852995	     401256.80	     268324.80	  0.0043356988	  0.0013673447	     603.31087	     665.17700	     5233.3272	     5.0000000
       1372.87	        Sample	             1	     1.4959992	    0.19871770	     401000.80	     268048.80	  0.0031905863	  0.0011322786	     638.13757	     380.60770	     5236.3766	     5.0000000
       1375.92	        Sample	             1	     1.4959211	    0.19869263	     402104.80	     268800.80	  0.0045843801	  0.0015338715	     784.25506	     635.40154	     5239.4229	     5.0000000
       1378.96	        Sample	             1	     1.4876617	    0.19603216	     399384.80	     268464.80	  0.0048692946	  0.0016116414	     791.58800	     699.29361	     5242.4633	     5.0033000
       1382.02	        Sample	             1	     1.4917011	    0.19733550	     399108.80	     267552.80	  0.0039120533	  0.0013425734	     711.50545	     514.62003	     5245.5167	     5.0033000
       1385.07	        Sample	             1	     1.4883564	    0.19625662	     399124.80	     268164.80	  0.0050525056	  0.0018691711	     1104.5635	     527.20479	     5248.5710	     5.0000000
       1388.13	        Sample	             1	     1.4978088	    0.19929819	     400832.80	     267612.80	  0.0038030173	  0.0012669992	     641.62156	     527.44078	     5251.6295	     5.0000000
       1391.19	        Sample	             1	     1.4898445	    0.19673698	     398796.80	     267676.80	  0.0040876251	  0.0014794980	     849.67549	     462.71854	     5254.6959	     5.0000000
       1394.22	        Sample	             1	     1.4847749	    0.19509812	     399292.80	     268924.80	  0.0043706612	  0.0015381842	     845.99343	     549.55982	     5257.7260	     5.0000000
       1397.27	        Sample	             1	     1.4869116	    0.19578966	     400616.80	     269428.80	  0.0056269470	  0.0016893044	     595.65986	     937.60925	     5260.7733	     5.0000000
       1400.28	        Sample	             1	     1.5023818	    0.20076144	     402188.80	     267700.80	  0.0043853022	  0.0012958863	     452.07669	     721.12998	     5263.7782	     5.0000000
       1403.21	        Sample	             1	     1.4829077	    0.19449282	     398084.80	     268448.80	  0.0045517412	  0.0015813618	     847.37923	     593.66283	     5266.7108	     5.0000000
       1406.19	        Sample	             1	     1.4877341	    0.19605555	     397636.80	     267276.80	  0.0034247651	  0.0011371421	     560.08888	     486.65023	     5269.6899	     5.0000000
       1409.23	        Sample	             1	     1.4936863	    0.19797449	     399436.80	     267416.80	  0.0039384460	  0.0013202059	     671.31182	     543.30838	     5272.7278	     5.0000000
       1412.28	        Sample	             1	     1.4883873	    0.19626659	     399424.80	     268360.80	  0.0051493099	  0.0015178817	     481.75420	     870.18874	     5275.7814	     5.0000000
       1415.33	        Sample	             1	     1.4874288	    0.19595687	     398548.80	     267944.80	  0.0054837852	  0.0017927904	     853.39583	     804.15477	     5278.8329	     5.0000000
       1418.39	        Sample	             1	     1.4831040	    0.19455649	     398724.80	     268844.80	  0.0032700333	  0.0011630983	     648.72388	     400.05333	     5281.8962	     5.0000000
